"totalListings" "totalTickets" "minQuantity" "maxQuantity" "mapDisplayType" "eventid" "timestamp"

540 1330 1 10 "section" 9220595 "03-01-2015_16.18.50"

541 1327 1 30 "section" 9220596 "03-01-2015_16.18.50"

517 1229 1 10 "section" 9220597 "03-01-2015_16.18.50"

663 1631 1 11 "section" 9220595 "03-05-2015_20.09.20"

666 1635 1 11 "section" 9220595 "03-05-2015_20.33.21"

672 1604 1 12 "section" 9220596 "03-05-2015_20.33.29"

601 1429 1 12 "section" 9220597 "03-05-2015_20.33.35"

664 1624 1 11 "section" 9220595 "03-06-2015_07.45.16"
666 1590 1 12 "section" 9220596 "03-06-2015_07.45.38"
599 1421 1 12 "section" 9220597 "03-06-2015_07.46.24"
660 1612 1 11 "section" 9220595 "03-06-2015_15.19.46"
666 1591 1 12 "section" 9220596 "03-06-2015_15.20.01"
596 1416 1 12 "section" 9220597 "03-06-2015_15.20.14"
659 1606 1 11 "section" 9220595 "03-06-2015_16.00.01"
666 1589 1 12 "section" 9220596 "03-06-2015_16.00.06"
597 1417 1 12 "section" 9220597 "03-06-2015_16.00.12"
659 1606 1 11 "section" 9220595 "03-06-2015_16.30.01"
665 1587 1 12 "section" 9220596 "03-06-2015_16.30.07"
598 1419 1 12 "section" 9220597 "03-06-2015_16.30.12"
658 1605 1 11 "section" 9220595 "03-06-2015_17.09.37"
666 1591 1 12 "section" 9220596 "03-06-2015_17.21.43"
597 1418 1 12 "section" 9220597 "03-06-2015_17.21.50"
657 1603 1 11 "section" 9220595 "03-06-2015_17.30.01"
667 1595 1 12 "section" 9220596 "03-06-2015_17.30.29"
597 1418 1 12 "section" 9220597 "03-06-2015_17.31.49"
656 1602 1 11 "section" 9220595 "03-06-2015_18.00.01"
666 1594 1 12 "section" 9220596 "03-06-2015_18.01.12"
597 1418 1 12 "section" 9220597 "03-06-2015_18.01.23"
659 1613 1 11 "section" 9220595 "03-07-2015_16.55.53"
659 1576 1 12 "section" 9220596 "03-07-2015_16.56.10"
597 1416 1 11 "section" 9220597 "03-07-2015_17.10.38"
661 1633 1 11 "section" 9220595 "03-08-2015_11.42.06"
662 1584 1 12 "section" 9220596 "03-08-2015_11.42.50"
601 1442 1 11 "section" 9220597 "03-08-2015_11.42.55"
661 1635 1 11 "section" 9220595 "03-08-2015_12.00.03"
663 1586 1 12 "section" 9220596 "03-08-2015_12.00.08"
601 1442 1 11 "section" 9220597 "03-08-2015_12.00.11"
667 1639 1 11 "section" 9220595 "03-05-2015_23.05.46"
667 1639 1 11 "section" 9220595 "03-05-2015_23.08.01"
667 1639 1 11 "section" 9220595 "03-05-2015_23.14.42"
671 1610 1 12 "section" 9220596 "03-05-2015_23.08.46"
671 1610 1 12 "section" 9220596 "03-05-2015_23.14.50"
602 1435 1 12 "section" 9220597 "03-05-2015_23.14.30"
602 1435 1 12 "section" 9220597 "03-05-2015_23.15.03"
665 1643 1 11 "section" 9220595 "03-08-2015_18.00.07"
660 1583 1 12 "section" 9220596 "03-08-2015_18.00.44"
600 1446 1 11 "section" 9220597 "03-08-2015_18.02.09"
669 1647 1 11 "section" 9220595 "03-09-2015_00.00.01"
657 1574 1 12 "section" 9220596 "03-09-2015_00.00.16"
603 1451 1 11 "section" 9220597 "03-09-2015_00.00.23"
668 1643 1 11 "section" 9220595 "03-09-2015_06.00.01"
655 1571 1 12 "section" 9220596 "03-09-2015_06.00.23"
602 1449 1 11 "section" 9220597 "03-09-2015_06.00.58"
661 1637 1 11 "section" 9220595 "03-09-2015_16.01.01"
656 1572 1 11 "section" 9220596 "03-09-2015_16.01.26"
611 1471 1 11 "section" 9220597 "03-09-2015_16.02.06"
658 1631 1 11 "section" 9220595 "03-09-2015_18.00.01"
655 1566 1 11 "section" 9220596 "03-09-2015_18.00.09"
611 1469 1 11 "section" 9220597 "03-09-2015_18.00.15"
657 1607 1 11 "section" 9220595 "03-10-2015_00.00.01"
649 1528 1 11 "section" 9220596 "03-10-2015_00.00.08"
609 1462 1 11 "section" 9220597 "03-10-2015_00.01.02"
657 1607 1 11 "section" 9220595 "03-10-2015_06.00.01"
649 1528 1 11 "section" 9220596 "03-10-2015_06.00.06"
608 1461 1 11 "section" 9220597 "03-10-2015_06.00.11"
654 1600 1 11 "section" 9220595 "03-10-2015_12.00.02"
650 1538 1 11 "section" 9220596 "03-10-2015_12.00.07"
608 1464 1 11 "section" 9220597 "03-10-2015_12.00.11"
659 1601 1 11 "section" 9220595 "03-10-2015_18.00.01"
651 1548 1 11 "section" 9220596 "03-10-2015_18.00.07"
619 1496 1 11 "section" 9220597 "03-10-2015_18.00.11"
660 1601 1 11 "section" 9220595 "03-11-2015_00.00.01"
652 1548 1 11 "section" 9220596 "03-11-2015_00.00.08"
618 1492 1 11 "section" 9220597 "03-11-2015_00.00.13"
660 1601 1 11 "section" 9220595 "03-11-2015_06.00.01"
652 1548 1 11 "section" 9220596 "03-11-2015_06.00.05"
618 1492 1 11 "section" 9220597 "03-11-2015_06.00.08"
659 1602 1 11 "section" 9220595 "03-11-2015_12.00.02"
658 1573 1 11 "section" 9220596 "03-11-2015_12.00.07"
620 1501 1 11 "section" 9220597 "03-11-2015_12.00.11"
662 1608 1 11 "section" 9220595 "03-11-2015_18.00.01"
656 1558 1 11 "section" 9220596 "03-11-2015_18.00.06"
619 1495 1 11 "section" 9220597 "03-11-2015_18.00.12"
665 1616 1 11 "section" 9220595 "03-12-2015_00.00.01"
657 1564 1 11 "section" 9220596 "03-12-2015_00.00.05"
618 1504 1 11 "section" 9220597 "03-12-2015_00.00.09"
665 1616 1 11 "section" 9220595 "03-12-2015_06.01.05"
657 1564 1 11 "section" 9220596 "03-12-2015_06.01.17"
616 1500 1 11 "section" 9220597 "03-12-2015_06.01.21"
665 1619 1 11 "section" 9220595 "03-12-2015_12.00.07"
656 1556 1 11 "section" 9220596 "03-12-2015_12.00.14"
613 1494 1 11 "section" 9220597 "03-12-2015_12.00.21"
662 1615 1 11 "section" 9220595 "03-12-2015_18.00.01"
655 1555 1 11 "section" 9220596 "03-12-2015_18.00.06"
606 1484 1 11 "section" 9220597 "03-12-2015_18.00.13"
659 1606 1 11 "section" 9220595 "03-13-2015_00.00.01"
655 1552 1 11 "section" 9220596 "03-13-2015_00.00.11"
607 1486 1 11 "section" 9220597 "03-13-2015_00.00.18"
660 1610 1 11 "section" 9220595 "03-13-2015_06.00.20"
655 1552 1 11 "section" 9220596 "03-13-2015_06.00.28"
607 1486 1 11 "section" 9220597 "03-13-2015_06.00.32"
655 1602 1 11 "section" 9220595 "03-13-2015_12.00.01"
654 1540 1 11 "section" 9220596 "03-13-2015_12.00.09"
601 1472 1 11 "section" 9220597 "03-13-2015_12.00.15"
644 1581 1 11 "section" 9220595 "03-13-2015_18.00.01"
651 1538 1 11 "section" 9220596 "03-13-2015_18.00.20"
600 1474 1 11 "section" 9220597 "03-13-2015_18.00.40"
640 1570 1 11 "section" 9220595 "03-14-2015_00.00.07"
652 1540 1 11 "section" 9220596 "03-14-2015_00.00.16"
601 1473 1 11 "section" 9220597 "03-14-2015_00.00.23"
640 1570 1 11 "section" 9220595 "03-14-2015_06.00.01"
651 1538 1 11 "section" 9220596 "03-14-2015_06.00.20"
602 1475 1 11 "section" 9220597 "03-14-2015_06.00.53"
638 1579 1 11 "section" 9220595 "03-14-2015_12.00.48"
671 1597 1 11 "section" 9220596 "03-14-2015_12.01.05"
620 1530 1 11 "section" 9220597 "03-14-2015_12.01.10"
657 1627 1 11 "section" 9220595 "03-14-2015_18.00.01"
678 1616 1 11 "section" 9220596 "03-14-2015_18.00.13"
628 1554 1 11 "section" 9220597 "03-14-2015_18.00.31"
661 1632 1 11 "section" 9220595 "03-15-2015_00.00.01"
683 1625 1 11 "section" 9220596 "03-15-2015_00.00.11"
629 1553 1 11 "section" 9220597 "03-15-2015_00.00.22"
661 1632 1 11 "section" 9220595 "03-15-2015_06.00.01"
683 1625 1 11 "section" 9220596 "03-15-2015_06.00.14"
629 1553 1 11 "section" 9220597 "03-15-2015_06.00.21"
673 1652 1 11 "section" 9220595 "03-15-2015_12.00.01"
697 1653 1 11 "section" 9220596 "03-15-2015_12.00.11"
640 1581 1 11 "section" 9220597 "03-15-2015_12.00.16"
674 1655 1 11 "section" 9220595 "03-15-2015_18.00.08"
700 1655 1 11 "section" 9220596 "03-15-2015_18.00.15"
642 1581 1 11 "section" 9220597 "03-15-2015_18.00.22"
668 1619 1 8 "section" 9220595 "03-16-2015_00.00.01"
695 1620 1 10 "section" 9220596 "03-16-2015_00.00.08"
636 1550 1 10 "section" 9220597 "03-16-2015_00.00.13"
671 1626 1 8 "section" 9220595 "03-16-2015_06.00.01"
700 1632 1 10 "section" 9220596 "03-16-2015_06.00.05"
638 1555 1 10 "section" 9220597 "03-16-2015_06.00.09"
669 1624 1 8 "section" 9220595 "03-16-2015_12.00.01"
696 1626 1 10 "section" 9220596 "03-16-2015_12.00.06"
633 1539 1 10 "section" 9220597 "03-16-2015_12.00.15"
664 1609 1 8 "section" 9220595 "03-16-2015_18.00.05"
690 1614 1 10 "section" 9220596 "03-16-2015_18.00.10"
627 1528 1 10 "section" 9220597 "03-16-2015_18.00.16"
672 1627 1 8 "section" 9220595 "03-17-2015_00.00.01"
688 1608 1 10 "section" 9220596 "03-17-2015_00.00.09"
626 1526 1 10 "section" 9220597 "03-17-2015_00.00.15"
672 1627 1 8 "section" 9220595 "03-17-2015_06.00.01"
689 1610 1 10 "section" 9220596 "03-17-2015_06.00.06"
624 1521 1 10 "section" 9220597 "03-17-2015_06.00.10"
666 1608 1 8 "section" 9220595 "03-17-2015_12.00.01"
685 1605 1 10 "section" 9220596 "03-17-2015_12.00.08"
618 1502 1 10 "section" 9220597 "03-17-2015_12.00.16"
659 1580 1 8 "section" 9220595 "03-17-2015_18.00.06"
673 1581 1 10 "section" 9220596 "03-17-2015_18.00.25"
616 1506 1 10 "section" 9220597 "03-17-2015_18.00.32"
654 1571 1 8 "section" 9220595 "03-18-2015_06.00.01"
662 1555 1 10 "section" 9220596 "03-18-2015_06.00.24"
613 1498 1 10 "section" 9220597 "03-18-2015_06.00.42"
657 1583 1 8 "section" 9220595 "03-18-2015_12.00.07"
665 1564 1 10 "section" 9220596 "03-18-2015_12.00.26"
616 1509 1 10 "section" 9220597 "03-18-2015_12.00.40"
658 1585 1 8 "section" 9220595 "03-18-2015_18.00.01"
668 1572 1 10 "section" 9220596 "03-18-2015_18.00.06"
615 1510 1 10 "section" 9220597 "03-18-2015_18.00.13"
660 1589 1 8 "section" 9220595 "03-19-2015_00.00.01"
668 1573 1 10 "section" 9220596 "03-19-2015_00.00.56"
618 1517 1 10 "section" 9220597 "03-19-2015_00.01.13"
660 1589 1 8 "section" 9220595 "03-19-2015_06.00.01"
668 1573 1 10 "section" 9220596 "03-19-2015_06.00.10"
617 1515 1 10 "section" 9220597 "03-19-2015_06.00.18"
664 1596 1 8 "section" 9220595 "03-19-2015_12.00.01"
666 1572 1 10 "section" 9220596 "03-19-2015_12.00.10"
617 1516 1 10 "section" 9220597 "03-19-2015_12.00.18"
684 1668 1 8 "section" 9220595 "03-19-2015_18.00.07"
686 1658 1 10 "section" 9220596 "03-19-2015_18.17.11"
634 1576 1 10 "section" 9220597 "03-19-2015_18.23.50"
685 1671 1 8 "section" 9220595 "03-20-2015_12.00.01"
683 1659 1 10 "section" 9220596 "03-20-2015_12.00.17"
630 1564 1 10 "section" 9220597 "03-20-2015_12.00.31"
682 1664 1 8 "section" 9220595 "03-20-2015_18.00.04"
686 1668 1 10 "section" 9220596 "03-20-2015_18.00.09"
629 1564 1 10 "section" 9220597 "03-20-2015_18.00.14"
681 1662 1 8 "section" 9220595 "03-21-2015_00.00.01"
683 1663 1 10 "section" 9220596 "03-21-2015_00.00.27"
627 1561 1 10 "section" 9220597 "03-21-2015_00.01.00"
681 1662 1 8 "section" 9220595 "03-21-2015_06.00.01"
683 1663 1 10 "section" 9220596 "03-21-2015_06.00.30"
628 1563 1 10 "section" 9220597 "03-21-2015_06.00.43"
683 1668 1 8 "section" 9220595 "03-21-2015_12.00.01"
682 1662 1 10 "section" 9220596 "03-21-2015_12.00.14"
628 1562 1 10 "section" 9220597 "03-21-2015_12.00.22"
683 1669 1 8 "section" 9220595 "03-21-2015_18.00.09"
679 1656 1 10 "section" 9220596 "03-21-2015_18.00.31"
628 1559 1 10 "section" 9220597 "03-21-2015_18.00.40"
679 1665 1 8 "section" 9220595 "03-22-2015_00.00.01"
678 1653 1 10 "section" 9220596 "03-22-2015_00.00.06"
626 1551 1 10 "section" 9220597 "03-22-2015_00.00.10"
679 1665 1 8 "section" 9220595 "03-22-2015_06.00.01"
678 1653 1 10 "section" 9220596 "03-22-2015_06.00.06"
626 1551 1 10 "section" 9220597 "03-22-2015_06.00.11"
682 1675 1 8 "section" 9220595 "03-22-2015_12.00.01"
677 1654 1 10 "section" 9220596 "03-22-2015_12.00.15"
625 1550 1 10 "section" 9220597 "03-22-2015_12.00.19"
681 1672 1 8 "section" 9220595 "03-22-2015_18.00.04"
678 1656 1 10 "section" 9220596 "03-22-2015_18.00.18"
624 1548 1 10 "section" 9220597 "03-22-2015_18.01.00"
680 1671 1 8 "section" 9220595 "03-23-2015_00.00.01"
678 1656 1 10 "section" 9220596 "03-23-2015_00.02.17"
624 1548 1 10 "section" 9220597 "03-23-2015_00.02.57"
680 1671 1 8 "section" 9220595 "03-23-2015_06.00.01"
678 1656 1 10 "section" 9220596 "03-23-2015_06.00.12"
625 1550 1 10 "section" 9220597 "03-23-2015_06.00.24"
683 1687 1 8 "section" 9220595 "03-23-2015_12.00.01"
683 1674 1 10 "section" 9220596 "03-23-2015_12.00.22"
626 1551 1 10 "section" 9220597 "03-23-2015_12.01.05"
691 1709 1 8 "section" 9220595 "03-23-2015_18.00.03"
696 1728 1 10 "section" 9220596 "03-23-2015_18.01.14"
639 1597 1 10 "section" 9220597 "03-23-2015_18.01.43"
695 1715 1 8 "section" 9220595 "03-24-2015_06.00.01"
702 1735 1 10 "section" 9220596 "03-24-2015_06.00.22"
643 1602 1 10 "section" 9220597 "03-24-2015_06.00.35"
702 1728 1 8 "section" 9220595 "03-24-2015_12.00.01"
698 1724 1 10 "section" 9220596 "03-24-2015_12.00.07"
648 1602 1 10 "section" 9220597 "03-24-2015_12.00.14"
701 1723 1 8 "section" 9220595 "03-24-2015_18.00.10"
698 1721 1 10 "section" 9220596 "03-24-2015_18.00.17"
645 1597 1 10 "section" 9220597 "03-24-2015_18.00.21"
703 1728 1 8 "section" 9220595 "03-25-2015_00.00.01"
700 1727 1 10 "section" 9220596 "03-25-2015_00.00.15"
650 1609 1 10 "section" 9220597 "03-25-2015_00.00.29"
703 1728 1 8 "section" 9220595 "03-25-2015_06.00.01"
700 1727 1 10 "section" 9220596 "03-25-2015_06.00.14"
649 1608 1 10 "section" 9220597 "03-25-2015_06.00.30"
704 1727 1 8 "section" 9220595 "03-25-2015_12.00.02"
712 1760 1 10 "section" 9220596 "03-25-2015_12.00.29"
660 1646 1 10 "section" 9220597 "03-25-2015_12.00.47"
718 1761 1 8 "section" 9220595 "03-27-2015_12.00.03"
716 1762 1 10 "section" 9220596 "03-27-2015_12.00.17"
667 1648 1 10 "section" 9220597 "03-27-2015_12.00.39"
717 1761 1 8 "section" 9220595 "03-27-2015_18.00.01"
716 1762 1 10 "section" 9220596 "03-27-2015_18.02.23"
661 1633 1 10 "section" 9220597 "03-27-2015_18.04.38"
718 1762 1 8 "section" 9220595 "03-28-2015_06.00.01"
717 1762 1 10 "section" 9220596 "03-28-2015_06.00.17"
660 1629 1 10 "section" 9220597 "03-28-2015_06.00.28"
719 1767 1 8 "section" 9220595 "03-28-2015_12.00.02"
718 1762 1 10 "section" 9220596 "03-28-2015_12.00.08"
661 1631 1 10 "section" 9220597 "03-28-2015_12.00.15"
718 1761 1 8 "section" 9220595 "03-28-2015_18.00.01"
717 1759 1 10 "section" 9220596 "03-28-2015_18.00.06"
659 1626 1 10 "section" 9220597 "03-28-2015_18.00.14"
718 1761 1 8 "section" 9220595 "03-29-2015_00.00.01"
716 1757 1 10 "section" 9220596 "03-29-2015_00.00.06"
658 1624 1 10 "section" 9220597 "03-29-2015_00.00.10"
718 1761 1 8 "section" 9220595 "03-29-2015_06.00.01"
717 1759 1 10 "section" 9220596 "03-29-2015_06.00.06"
658 1624 1 10 "section" 9220597 "03-29-2015_06.00.10"
718 1760 1 8 "section" 9220595 "03-29-2015_12.00.01"
717 1758 1 10 "section" 9220596 "03-29-2015_12.00.21"
658 1624 1 10 "section" 9220597 "03-29-2015_12.00.34"
719 1771 1 9 "section" 9220595 "03-29-2015_18.00.01"
719 1766 1 10 "section" 9220596 "03-29-2015_18.00.29"
659 1624 1 10 "section" 9220597 "03-29-2015_18.00.51"
719 1769 1 9 "section" 9220595 "03-30-2015_00.00.01"
720 1765 1 10 "section" 9220596 "03-30-2015_00.00.05"
660 1625 1 10 "section" 9220597 "03-30-2015_00.00.17"
719 1769 1 9 "section" 9220595 "03-30-2015_06.00.01"
719 1762 1 10 "section" 9220596 "03-30-2015_06.00.06"
661 1627 1 10 "section" 9220597 "03-30-2015_06.00.10"
717 1768 1 9 "section" 9220595 "03-30-2015_12.00.01"
722 1781 1 10 "section" 9220596 "03-30-2015_12.00.07"
661 1629 1 10 "section" 9220597 "03-30-2015_12.00.12"
715 1765 1 9 "section" 9220595 "03-30-2015_18.00.02"
722 1782 1 10 "section" 9220596 "03-30-2015_18.00.53"
657 1622 1 10 "section" 9220597 "03-30-2015_18.01.34"
717 1769 1 9 "section" 9220595 "03-31-2015_00.00.01"
724 1786 1 10 "section" 9220596 "03-31-2015_00.00.45"
657 1621 1 10 "section" 9220597 "03-31-2015_00.01.00"
717 1769 1 9 "section" 9220595 "03-31-2015_06.00.01"
724 1786 1 10 "section" 9220596 "03-31-2015_06.00.06"
656 1620 1 10 "section" 9220597 "03-31-2015_06.00.11"
720 1781 1 9 "section" 9220595 "03-31-2015_12.00.01"
724 1784 1 10 "section" 9220596 "03-31-2015_12.00.06"
659 1632 1 10 "section" 9220597 "03-31-2015_12.00.09"
725 1791 1 9 "section" 9220595 "03-31-2015_18.00.02"
764 1843 1 10 "section" 9220596 "03-31-2015_18.00.17"
700 1703 1 10 "section" 9220597 "03-31-2015_18.00.24"
725 1791 1 9 "section" 9220595 "04-01-2015_00.00.01"
763 1843 1 10 "section" 9220596 "04-01-2015_00.00.13"
702 1706 1 10 "section" 9220597 "04-01-2015_00.00.32"
724 1789 1 9 "section" 9220595 "04-01-2015_06.00.01"
763 1843 1 10 "section" 9220596 "04-01-2015_06.00.13"
701 1702 1 10 "section" 9220597 "04-01-2015_06.00.18"
728 1801 1 9 "section" 9220595 "04-01-2015_12.00.02"
762 1838 1 10 "section" 9220596 "04-01-2015_12.00.13"
704 1712 1 10 "section" 9220597 "04-01-2015_12.00.17"
729 1803 1 9 "section" 9220595 "04-01-2015_18.00.01"
759 1836 1 10 "section" 9220596 "04-01-2015_18.00.05"
703 1711 1 10 "section" 9220597 "04-01-2015_18.00.18"
734 1827 1 9 "section" 9220595 "04-02-2015_00.00.01"
760 1842 1 10 "section" 9220596 "04-02-2015_00.00.23"
708 1732 1 10 "section" 9220597 "04-02-2015_00.00.49"
734 1827 1 9 "section" 9220595 "04-02-2015_06.00.01"
760 1842 1 10 "section" 9220596 "04-02-2015_06.00.05"
709 1735 1 10 "section" 9220597 "04-02-2015_06.00.09"
765 1854 1 8 "section" 9220595 "04-02-2015_12.00.02"
754 1825 1 10 "section" 9220596 "04-02-2015_12.00.07"
708 1734 1 10 "section" 9220597 "04-02-2015_12.00.11"
766 1860 1 8 "section" 9220595 "04-02-2015_18.00.01"
756 1833 1 10 "section" 9220596 "04-02-2015_18.00.06"
710 1740 1 10 "section" 9220597 "04-02-2015_18.00.11"
765 1857 1 8 "section" 9220595 "04-03-2015_00.00.01"
756 1832 1 10 "section" 9220596 "04-03-2015_00.00.06"
711 1741 1 10 "section" 9220597 "04-03-2015_00.00.11"
765 1857 1 8 "section" 9220595 "04-03-2015_06.00.01"
756 1832 1 10 "section" 9220596 "04-03-2015_06.00.06"
712 1744 1 10 "section" 9220597 "04-03-2015_06.00.10"
763 1854 1 8 "section" 9220595 "04-03-2015_12.00.01"
756 1828 1 10 "section" 9220596 "04-03-2015_12.00.07"
724 1767 1 10 "section" 9220597 "04-03-2015_12.00.13"
766 1862 1 8 "section" 9220595 "04-03-2015_18.00.02"
759 1838 1 10 "section" 9220596 "04-03-2015_18.00.16"
725 1771 1 10 "section" 9220597 "04-03-2015_18.00.28"
766 1861 1 8 "section" 9220595 "04-04-2015_00.00.01"
758 1836 1 10 "section" 9220596 "04-04-2015_00.00.06"
727 1772 1 10 "section" 9220597 "04-04-2015_00.00.16"
766 1861 1 8 "section" 9220595 "04-04-2015_06.00.01"
758 1834 1 10 "section" 9220596 "04-04-2015_06.00.11"
727 1772 1 10 "section" 9220597 "04-04-2015_06.00.20"
766 1864 1 8 "section" 9220595 "04-04-2015_18.00.01"
760 1842 1 10 "section" 9220596 "04-04-2015_18.01.25"
731 1776 1 10 "section" 9220597 "04-04-2015_18.02.18"
766 1864 1 8 "section" 9220595 "04-05-2015_00.00.07"
759 1838 1 10 "section" 9220596 "04-05-2015_00.05.26"
731 1776 1 10 "section" 9220597 "04-05-2015_00.08.02"
767 1865 1 8 "section" 9220595 "04-05-2015_06.00.03"
760 1839 1 10 "section" 9220596 "04-05-2015_06.00.15"
731 1775 1 10 "section" 9220597 "04-05-2015_06.00.25"
767 1864 1 8 "section" 9220595 "04-05-2015_12.00.01"
761 1842 1 10 "section" 9220596 "04-05-2015_12.00.09"
731 1773 1 10 "section" 9220597 "04-05-2015_12.00.13"
763 1855 1 8 "section" 9220595 "04-05-2015_18.00.01"
759 1837 1 10 "section" 9220596 "04-05-2015_18.00.06"
730 1767 1 10 "section" 9220597 "04-05-2015_18.00.11"
764 1856 1 8 "section" 9220595 "04-06-2015_00.00.01"
758 1835 1 10 "section" 9220596 "04-06-2015_00.00.53"
731 1768 1 10 "section" 9220597 "04-06-2015_00.01.29"
763 1855 1 8 "section" 9220595 "04-06-2015_06.00.01"
758 1835 1 10 "section" 9220596 "04-06-2015_06.00.08"
731 1768 1 10 "section" 9220597 "04-06-2015_06.00.15"
764 1859 1 8 "section" 9220595 "04-06-2015_12.00.01"
759 1839 1 10 "section" 9220596 "04-06-2015_12.01.15"
732 1770 1 10 "section" 9220597 "04-06-2015_12.01.44"
763 1852 1 8 "section" 9220595 "04-06-2015_18.00.01"
759 1839 1 10 "section" 9220596 "04-06-2015_18.02.26"
735 1774 1 10 "section" 9220597 "04-06-2015_18.03.47"
766 1858 1 8 "section" 9220595 "04-07-2015_00.00.01"
761 1847 1 10 "section" 9220596 "04-07-2015_00.00.20"
737 1780 1 10 "section" 9220597 "04-07-2015_00.00.47"
766 1858 1 8 "section" 9220595 "04-07-2015_06.00.06"
761 1847 1 10 "section" 9220596 "04-07-2015_06.00.16"
736 1778 1 10 "section" 9220597 "04-07-2015_06.00.22"
763 1852 1 8 "section" 9220595 "04-07-2015_12.00.01"
758 1833 1 10 "section" 9220596 "04-07-2015_12.00.25"
733 1769 1 10 "section" 9220597 "04-07-2015_12.00.39"
762 1846 1 8 "section" 9220595 "04-07-2015_18.00.01"
760 1840 1 10 "section" 9220596 "04-07-2015_18.00.28"
738 1785 1 10 "section" 9220597 "04-07-2015_18.00.53"
763 1849 1 8 "section" 9220595 "04-08-2015_00.00.01"
760 1842 1 10 "section" 9220596 "04-08-2015_00.00.36"
739 1787 1 10 "section" 9220597 "04-08-2015_00.00.50"
763 1849 1 8 "section" 9220595 "04-08-2015_06.00.01"
760 1842 1 10 "section" 9220596 "04-08-2015_06.00.09"
740 1789 1 10 "section" 9220597 "04-08-2015_06.00.16"
764 1849 1 8 "section" 9220595 "04-08-2015_12.00.01"
759 1840 1 10 "section" 9220596 "04-08-2015_12.00.22"
743 1789 1 10 "section" 9220597 "04-08-2015_12.00.46"
766 1854 1 8 "section" 9220595 "04-08-2015_18.00.02"
760 1842 1 10 "section" 9220596 "04-08-2015_18.00.40"
742 1787 1 10 "section" 9220597 "04-08-2015_18.01.11"
765 1853 1 8 "section" 9220595 "04-09-2015_00.00.01"
760 1840 1 10 "section" 9220596 "04-09-2015_00.01.04"
742 1790 1 10 "section" 9220597 "04-09-2015_00.01.38"
766 1857 1 8 "section" 9220595 "04-09-2015_06.00.01"
760 1840 1 10 "section" 9220596 "04-09-2015_06.00.13"
740 1786 1 10 "section" 9220597 "04-09-2015_06.00.21"
766 1853 1 8 "section" 9220595 "04-09-2015_12.00.01"
762 1840 1 10 "section" 9220596 "04-09-2015_12.02.12"
743 1793 1 10 "section" 9220597 "04-09-2015_12.02.25"
770 1855 1 8 "section" 9220595 "04-09-2015_18.00.02"
761 1841 1 10 "section" 9220596 "04-09-2015_18.00.39"
743 1796 1 10 "section" 9220597 "04-09-2015_18.01.36"
770 1855 1 8 "section" 9220595 "04-10-2015_00.00.01"
758 1838 1 10 "section" 9220596 "04-10-2015_00.00.26"
744 1798 1 10 "section" 9220597 "04-10-2015_00.00.41"
771 1856 1 8 "section" 9220595 "04-10-2015_06.00.01"
758 1838 1 10 "section" 9220596 "04-10-2015_06.00.06"
743 1796 1 10 "section" 9220597 "04-10-2015_06.00.12"
771 1857 1 8 "section" 9220595 "04-10-2015_12.00.01"
759 1839 1 10 "section" 9220596 "04-10-2015_12.00.08"
748 1805 1 10 "section" 9220597 "04-10-2015_12.00.25"
791 1915 1 8 "section" 9220595 "04-10-2015_18.00.02"
788 1928 1 10 "section" 9220596 "04-10-2015_18.00.49"
767 1882 1 10 "section" 9220597 "04-10-2015_18.01.17"
791 1917 1 8 "section" 9220595 "04-11-2015_00.00.01"
792 1935 1 10 "section" 9220596 "04-11-2015_00.00.06"
766 1878 1 10 "section" 9220597 "04-11-2015_00.00.17"
790 1916 1 8 "section" 9220595 "04-11-2015_06.00.01"
792 1935 1 10 "section" 9220596 "04-11-2015_06.00.23"
766 1878 1 10 "section" 9220597 "04-11-2015_06.00.28"
793 1929 1 8 "section" 9220595 "04-11-2015_12.00.01"
794 1944 1 10 "section" 9220596 "04-11-2015_12.00.13"
769 1889 1 10 "section" 9220597 "04-11-2015_12.00.38"
793 1927 1 8 "section" 9220595 "04-11-2015_18.00.01"
794 1933 1 10 "section" 9220596 "04-11-2015_18.00.11"
767 1882 1 10 "section" 9220597 "04-11-2015_18.00.22"
792 1924 1 8 "section" 9220595 "04-12-2015_06.00.01"
793 1931 1 10 "section" 9220596 "04-12-2015_06.00.12"
763 1875 1 10 "section" 9220597 "04-12-2015_06.00.25"
792 1924 1 8 "section" 9220595 "04-12-2015_12.00.01"
792 1929 1 10 "section" 9220596 "04-12-2015_12.00.08"
762 1874 1 10 "section" 9220597 "04-12-2015_12.00.13"
791 1921 1 8 "section" 9220595 "04-12-2015_18.00.01"
791 1925 1 10 "section" 9220596 "04-12-2015_18.00.12"
760 1864 1 10 "section" 9220597 "04-12-2015_18.00.25"
790 1920 1 8 "section" 9220595 "04-13-2015_00.00.01"
790 1923 1 10 "section" 9220596 "04-13-2015_00.00.26"
759 1862 1 10 "section" 9220597 "04-13-2015_00.01.04"
790 1920 1 8 "section" 9220595 "04-13-2015_06.00.01"
790 1923 1 10 "section" 9220596 "04-13-2015_06.00.18"
760 1864 1 10 "section" 9220597 "04-13-2015_06.00.23"
787 1933 1 20 "section" 9220595 "04-13-2015_12.00.01"
788 1937 1 20 "section" 9220596 "04-13-2015_12.00.08"
759 1879 1 20 "section" 9220597 "04-13-2015_12.00.15"
786 1931 1 20 "section" 9220595 "04-13-2015_18.00.02"
790 1943 1 20 "section" 9220596 "04-13-2015_18.00.09"
756 1871 1 20 "section" 9220597 "04-13-2015_18.00.14"
788 1935 1 20 "section" 9220595 "04-14-2015_00.00.01"
788 1937 1 20 "section" 9220596 "04-14-2015_00.00.17"
755 1869 1 20 "section" 9220597 "04-14-2015_00.00.27"
788 1935 1 20 "section" 9220595 "04-14-2015_06.00.01"
788 1937 1 20 "section" 9220596 "04-14-2015_06.00.07"
755 1869 1 20 "section" 9220597 "04-14-2015_06.00.11"
786 1929 1 20 "section" 9220595 "04-14-2015_12.00.01"
787 1933 1 20 "section" 9220596 "04-14-2015_12.00.06"
755 1870 1 20 "section" 9220597 "04-14-2015_12.00.11"
786 1927 1 20 "section" 9220595 "04-14-2015_18.00.03"
789 1937 1 20 "section" 9220596 "04-14-2015_18.00.10"
755 1867 1 20 "section" 9220597 "04-14-2015_18.00.15"
787 1931 1 20 "section" 9220595 "04-15-2015_00.00.01"
789 1937 1 20 "section" 9220596 "04-15-2015_00.00.48"
755 1870 1 20 "section" 9220597 "04-15-2015_00.01.20"
787 1931 1 20 "section" 9220595 "04-15-2015_06.00.03"
789 1937 1 20 "section" 9220596 "04-15-2015_06.00.09"
756 1873 1 20 "section" 9220597 "04-15-2015_06.00.13"
787 1924 1 20 "section" 9220595 "04-15-2015_12.00.01"
787 1928 1 20 "section" 9220596 "04-15-2015_12.00.06"
755 1873 1 20 "section" 9220597 "04-15-2015_12.00.10"
788 1922 1 20 "section" 9220595 "04-15-2015_18.00.01"
786 1923 1 20 "section" 9220596 "04-15-2015_18.00.06"
755 1871 1 20 "section" 9220597 "04-15-2015_18.00.11"
786 1919 1 20 "section" 9220595 "04-16-2015_00.00.01"
785 1921 1 20 "section" 9220596 "04-16-2015_00.00.42"
752 1867 1 20 "section" 9220597 "04-16-2015_00.01.16"
786 1916 1 20 "section" 9220595 "04-16-2015_06.00.03"
784 1919 1 20 "section" 9220596 "04-16-2015_06.00.08"
750 1865 1 20 "section" 9220597 "04-16-2015_06.00.12"
790 1924 1 20 "section" 9220595 "04-16-2015_12.00.01"
781 1910 1 20 "section" 9220596 "04-16-2015_12.00.06"
749 1860 1 20 "section" 9220597 "04-16-2015_12.00.10"
787 1921 1 20 "section" 9220595 "04-16-2015_18.00.01"
778 1904 1 20 "section" 9220596 "04-16-2015_18.00.07"
748 1858 1 20 "section" 9220597 "04-16-2015_18.00.12"
785 1916 1 20 "section" 9220595 "04-17-2015_00.00.01"
777 1903 1 20 "section" 9220596 "04-17-2015_00.00.11"
747 1853 1 20 "section" 9220597 "04-17-2015_00.00.19"
785 1916 1 20 "section" 9220595 "04-17-2015_06.00.01"
778 1904 1 20 "section" 9220596 "04-17-2015_06.00.13"
747 1853 1 20 "section" 9220597 "04-17-2015_06.00.22"
785 1918 1 20 "section" 9220595 "04-17-2015_12.00.01"
776 1901 1 20 "section" 9220596 "04-17-2015_12.00.22"
746 1851 1 20 "section" 9220597 "04-17-2015_12.00.49"
785 1920 1 20 "section" 9220595 "04-17-2015_18.00.02"
773 1895 1 20 "section" 9220596 "04-17-2015_18.00.09"
744 1846 1 20 "section" 9220597 "04-17-2015_18.00.14"
785 1920 1 20 "section" 9220595 "04-18-2015_00.00.01"
772 1894 1 20 "section" 9220596 "04-18-2015_00.00.33"
743 1844 1 20 "section" 9220597 "04-18-2015_00.01.01"
785 1920 1 20 "section" 9220595 "04-18-2015_06.00.01"
771 1890 1 20 "section" 9220596 "04-18-2015_06.00.06"
743 1844 1 20 "section" 9220597 "04-18-2015_06.00.11"
786 1921 1 20 "section" 9220595 "04-18-2015_12.00.01"
770 1891 1 20 "section" 9220596 "04-18-2015_12.00.14"
745 1848 1 20 "section" 9220597 "04-18-2015_12.00.19"
786 1921 1 20 "section" 9220595 "04-18-2015_18.00.01"
769 1890 1 20 "section" 9220596 "04-18-2015_18.02.10"
745 1846 1 20 "section" 9220597 "04-18-2015_18.03.01"
785 1919 1 20 "section" 9220595 "04-19-2015_00.00.01"
770 1894 1 20 "section" 9220596 "04-19-2015_00.00.35"
746 1848 1 20 "section" 9220597 "04-19-2015_00.01.16"
785 1919 1 20 "section" 9220595 "04-19-2015_06.01.28"
769 1892 1 20 "section" 9220596 "04-19-2015_06.01.33"
746 1848 1 20 "section" 9220597 "04-19-2015_06.01.38"
783 1915 1 20 "section" 9220595 "04-19-2015_12.00.01"
768 1889 1 20 "section" 9220596 "04-19-2015_12.00.06"
745 1844 1 20 "section" 9220597 "04-19-2015_12.00.11"
782 1913 1 20 "section" 9220595 "04-19-2015_18.00.02"
767 1885 1 20 "section" 9220596 "04-19-2015_18.00.09"
747 1845 1 20 "section" 9220597 "04-19-2015_18.00.16"
783 1912 1 20 "section" 9220595 "04-20-2015_00.00.01"
766 1883 1 20 "section" 9220596 "04-20-2015_00.00.23"
747 1845 1 20 "section" 9220597 "04-20-2015_00.00.28"
782 1910 1 20 "section" 9220595 "04-20-2015_06.00.01"
767 1884 1 20 "section" 9220596 "04-20-2015_06.00.06"
747 1845 1 20 "section" 9220597 "04-20-2015_06.00.10"
783 1911 1 20 "section" 9220595 "04-20-2015_12.00.01"
763 1877 1 20 "section" 9220596 "04-20-2015_12.00.16"
745 1841 1 20 "section" 9220597 "04-20-2015_12.00.34"
779 1906 1 20 "section" 9220595 "04-20-2015_18.00.01"
761 1874 1 20 "section" 9220596 "04-20-2015_18.00.07"
742 1838 1 20 "section" 9220597 "04-20-2015_18.00.12"
780 1910 1 20 "section" 9220595 "04-21-2015_00.00.01"
761 1875 1 20 "section" 9220596 "04-21-2015_00.00.14"
739 1834 1 20 "section" 9220597 "04-21-2015_00.00.42"
780 1910 1 20 "section" 9220595 "04-21-2015_06.00.01"
759 1871 1 20 "section" 9220596 "04-21-2015_06.00.09"
738 1833 1 20 "section" 9220597 "04-21-2015_06.00.15"
778 1906 1 20 "section" 9220595 "04-21-2015_12.00.01"
762 1879 1 20 "section" 9220596 "04-21-2015_12.00.06"
739 1835 1 20 "section" 9220597 "04-21-2015_12.00.11"
783 1920 1 20 "section" 9220595 "04-21-2015_18.00.01"
763 1881 1 20 "section" 9220596 "04-21-2015_18.00.08"
736 1831 1 20 "section" 9220597 "04-21-2015_18.00.13"
785 1926 1 20 "section" 9220595 "04-22-2015_00.00.01"
757 1867 1 20 "section" 9220596 "04-22-2015_00.00.40"
739 1839 1 20 "section" 9220597 "04-22-2015_00.03.22"
785 1926 1 20 "section" 9220595 "04-22-2015_06.00.01"
756 1866 1 20 "section" 9220596 "04-22-2015_06.00.07"
739 1839 1 20 "section" 9220597 "04-22-2015_06.00.12"
791 1933 1 20 "section" 9220595 "04-22-2015_12.00.01"
769 1901 1 20 "section" 9220596 "04-22-2015_12.00.07"
751 1864 1 20 "section" 9220597 "04-22-2015_12.00.11"
790 1931 1 20 "section" 9220595 "04-22-2015_18.00.01"
771 1908 1 20 "section" 9220596 "04-22-2015_18.00.07"
752 1867 1 20 "section" 9220597 "04-22-2015_18.00.12"
792 1934 1 20 "section" 9220595 "04-23-2015_00.00.01"
771 1908 1 20 "section" 9220596 "04-23-2015_00.00.32"
753 1872 1 20 "section" 9220597 "04-23-2015_00.00.48"
819 2004 1 20 "section" 9220595 "04-25-2015_12.00.10"
788 1962 1 20 "section" 9220596 "04-25-2015_12.00.16"
780 1955 1 20 "section" 9220597 "04-25-2015_12.00.23"
819 2003 1 20 "section" 9220595 "04-25-2015_18.00.01"
786 1958 1 20 "section" 9220596 "04-25-2015_18.00.21"
780 1955 1 20 "section" 9220597 "04-25-2015_18.00.34"
816 1997 1 20 "section" 9220595 "04-26-2015_00.00.01"
783 1949 1 20 "section" 9220596 "04-26-2015_00.00.10"
779 1954 1 20 "section" 9220597 "04-26-2015_00.00.20"
816 1997 1 20 "section" 9220595 "04-26-2015_06.00.15"
783 1947 1 20 "section" 9220596 "04-26-2015_06.00.20"
780 1956 1 20 "section" 9220597 "04-26-2015_06.00.24"
816 1996 1 20 "section" 9220595 "04-26-2015_12.00.01"
783 1947 1 20 "section" 9220596 "04-26-2015_12.00.06"
779 1955 1 20 "section" 9220597 "04-26-2015_12.00.11"
811 1988 1 20 "section" 9220595 "04-26-2015_18.00.01"
784 1946 1 20 "section" 9220596 "04-26-2015_18.00.13"
779 1960 1 20 "section" 9220597 "04-26-2015_18.00.21"
813 1990 1 20 "section" 9220595 "04-27-2015_00.00.01"
783 1944 1 20 "section" 9220596 "04-27-2015_00.00.07"
780 1962 1 20 "section" 9220597 "04-27-2015_00.00.13"
813 1990 1 20 "section" 9220595 "04-27-2015_06.00.01"
783 1944 1 20 "section" 9220596 "04-27-2015_06.00.06"
779 1960 1 20 "section" 9220597 "04-27-2015_06.00.11"
813 1990 1 20 "section" 9220595 "04-27-2015_12.00.01"
788 1949 1 20 "section" 9220596 "04-27-2015_12.00.07"
783 1968 1 20 "section" 9220597 "04-27-2015_12.00.11"
813 1990 1 20 "section" 9220595 "04-27-2015_18.00.01"
784 1939 1 20 "section" 9220596 "04-27-2015_18.00.07"
784 1973 1 20 "section" 9220597 "04-27-2015_18.00.11"
812 1990 1 20 "section" 9220595 "04-28-2015_00.00.01"
782 1936 1 20 "section" 9220596 "04-28-2015_00.00.14"
780 1965 1 20 "section" 9220597 "04-28-2015_00.00.19"
812 1990 1 20 "section" 9220595 "04-28-2015_06.00.03"
782 1936 1 20 "section" 9220596 "04-28-2015_06.00.08"
780 1963 1 20 "section" 9220597 "04-28-2015_06.00.12"
810 1986 1 20 "section" 9220595 "04-28-2015_12.00.01"
783 1937 1 20 "section" 9220596 "04-28-2015_12.00.07"
777 1959 1 20 "section" 9220597 "04-28-2015_12.00.11"
808 1978 1 20 "section" 9220595 "04-28-2015_18.00.01"
783 1937 1 20 "section" 9220596 "04-28-2015_18.00.09"
778 1962 1 20 "section" 9220597 "04-28-2015_18.00.16"
805 1973 1 20 "section" 9220595 "04-29-2015_00.00.01"
782 1936 1 20 "section" 9220596 "04-29-2015_00.00.06"
775 1957 1 20 "section" 9220597 "04-29-2015_00.00.10"
806 1975 1 20 "section" 9220595 "04-29-2015_06.00.01"
780 1933 1 20 "section" 9220596 "04-29-2015_06.00.06"
775 1954 1 20 "section" 9220597 "04-29-2015_06.00.11"
806 1976 1 20 "section" 9220595 "04-29-2015_12.00.01"
779 1925 1 20 "section" 9220596 "04-29-2015_12.00.07"
777 1956 1 20 "section" 9220597 "04-29-2015_12.00.13"
802 1967 1 20 "section" 9220595 "04-29-2015_18.00.01"
777 1921 1 20 "section" 9220596 "04-29-2015_18.00.06"
773 1942 1 20 "section" 9220597 "04-29-2015_18.00.11"
800 1962 1 20 "section" 9220595 "04-30-2015_00.00.05"
774 1910 1 20 "section" 9220596 "04-30-2015_00.00.12"
770 1935 1 20 "section" 9220597 "04-30-2015_00.00.19"
801 1963 1 20 "section" 9220595 "04-30-2015_06.00.01"
773 1908 1 20 "section" 9220596 "04-30-2015_06.00.10"
769 1933 1 20 "section" 9220597 "04-30-2015_06.00.27"
801 1959 1 20 "section" 9220595 "04-30-2015_12.00.03"
776 1913 1 20 "section" 9220596 "04-30-2015_12.00.09"
770 1936 1 20 "section" 9220597 "04-30-2015_12.00.13"
800 1958 1 20 "section" 9220595 "04-30-2015_18.00.01"
773 1908 1 20 "section" 9220596 "04-30-2015_18.00.06"
769 1931 1 20 "section" 9220597 "04-30-2015_18.00.13"
800 1958 1 20 "section" 9220595 "05-01-2015_00.00.01"
774 1910 1 20 "section" 9220596 "05-01-2015_00.00.06"
767 1927 1 20 "section" 9220597 "05-01-2015_00.00.10"
800 1958 1 20 "section" 9220595 "05-01-2015_06.00.01"
774 1910 1 20 "section" 9220596 "05-01-2015_06.00.06"
768 1929 1 20 "section" 9220597 "05-01-2015_06.00.11"
801 1959 1 20 "section" 9220595 "05-01-2015_12.00.01"
776 1911 1 20 "section" 9220596 "05-01-2015_12.00.06"
766 1927 1 20 "section" 9220597 "05-01-2015_12.00.11"
800 1957 1 20 "section" 9220595 "05-01-2015_18.00.01"
777 1913 1 20 "section" 9220596 "05-01-2015_18.00.06"
766 1928 1 20 "section" 9220597 "05-01-2015_18.00.11"
801 1957 1 20 "section" 9220595 "05-02-2015_00.00.01"
776 1910 1 20 "section" 9220596 "05-02-2015_00.00.06"
761 1920 1 20 "section" 9220597 "05-02-2015_00.00.11"
801 1957 1 20 "section" 9220595 "05-02-2015_06.00.01"
776 1910 1 20 "section" 9220596 "05-02-2015_06.00.06"
762 1922 1 20 "section" 9220597 "05-02-2015_06.00.10"
803 1965 1 20 "section" 9220595 "05-02-2015_12.00.02"
773 1905 1 20 "section" 9220596 "05-02-2015_12.00.08"
761 1922 1 20 "section" 9220597 "05-02-2015_12.00.12"
802 1960 1 20 "section" 9220595 "05-02-2015_18.00.01"
773 1907 1 20 "section" 9220596 "05-02-2015_18.00.06"
761 1920 1 20 "section" 9220597 "05-02-2015_18.00.10"
802 1960 1 20 "section" 9220595 "05-03-2015_00.00.01"
773 1905 1 20 "section" 9220596 "05-03-2015_00.00.07"
759 1917 1 20 "section" 9220597 "05-03-2015_00.00.13"
802 1960 1 20 "section" 9220595 "05-03-2015_06.00.08"
772 1903 1 20 "section" 9220596 "05-03-2015_06.00.15"
760 1919 1 20 "section" 9220597 "05-03-2015_06.00.19"
802 1957 1 20 "section" 9220595 "05-03-2015_12.00.01"
772 1903 1 20 "section" 9220596 "05-03-2015_12.00.07"
759 1918 1 20 "section" 9220597 "05-03-2015_12.00.13"
803 1960 1 20 "section" 9220595 "05-03-2015_18.00.01"
772 1902 1 20 "section" 9220596 "05-03-2015_18.00.08"
759 1918 1 20 "section" 9220597 "05-03-2015_18.00.18"
801 1952 1 20 "section" 9220595 "05-04-2015_00.00.01"
769 1898 1 20 "section" 9220596 "05-04-2015_00.00.06"
757 1912 1 20 "section" 9220597 "05-04-2015_00.00.11"
801 1952 1 20 "section" 9220595 "05-04-2015_06.00.01"
769 1898 1 20 "section" 9220596 "05-04-2015_06.00.06"
756 1910 1 20 "section" 9220597 "05-04-2015_06.00.10"
803 1962 1 20 "section" 9220595 "05-04-2015_12.00.04"
767 1902 1 20 "section" 9220596 "05-04-2015_12.00.10"
759 1922 1 20 "section" 9220597 "05-04-2015_12.00.14"
800 1938 1 8 "section" 9220595 "05-04-2015_18.00.01"
768 1888 1 8 "section" 9220596 "05-04-2015_18.00.10"
765 1915 1 10 "section" 9220597 "05-04-2015_18.00.15"
800 1938 1 8 "section" 9220595 "05-05-2015_00.00.01"
769 1890 1 8 "section" 9220596 "05-05-2015_00.00.07"
764 1915 1 10 "section" 9220597 "05-05-2015_00.00.11"
800 1938 1 8 "section" 9220595 "05-05-2015_06.00.01"
769 1890 1 8 "section" 9220596 "05-05-2015_06.00.06"
764 1915 1 10 "section" 9220597 "05-05-2015_06.00.10"
799 1936 1 8 "section" 9220595 "05-05-2015_12.00.05"
766 1882 1 8 "section" 9220596 "05-05-2015_12.00.11"
763 1915 1 10 "section" 9220597 "05-05-2015_12.00.16"
802 1944 1 8 "section" 9220595 "05-05-2015_18.00.01"
765 1880 1 8 "section" 9220596 "05-05-2015_18.00.16"
760 1909 1 10 "section" 9220597 "05-05-2015_18.00.22"
802 1945 1 8 "section" 9220595 "05-06-2015_00.00.01"
764 1879 1 8 "section" 9220596 "05-06-2015_00.00.06"
758 1903 1 10 "section" 9220597 "05-06-2015_00.00.10"
802 1945 1 8 "section" 9220595 "05-06-2015_06.00.01"
764 1879 1 8 "section" 9220596 "05-06-2015_06.00.06"
758 1903 1 10 "section" 9220597 "05-06-2015_06.00.11"
798 1939 1 8 "section" 9220595 "05-06-2015_12.00.04"
762 1871 1 8 "section" 9220596 "05-06-2015_12.00.11"
757 1893 1 10 "section" 9220597 "05-06-2015_12.00.15"
795 1933 1 8 "section" 9220595 "05-06-2015_18.00.01"
763 1872 1 8 "section" 9220596 "05-06-2015_18.00.06"
756 1894 1 10 "section" 9220597 "05-06-2015_18.00.11"
794 1931 1 8 "section" 9220595 "05-07-2015_00.00.01"
761 1866 1 8 "section" 9220596 "05-07-2015_00.00.06"
756 1894 1 10 "section" 9220597 "05-07-2015_00.00.10"
794 1931 1 8 "section" 9220595 "05-07-2015_06.00.01"
760 1865 1 8 "section" 9220596 "05-07-2015_06.00.06"
757 1895 1 10 "section" 9220597 "05-07-2015_06.00.11"
794 1930 1 8 "section" 9220595 "05-07-2015_12.00.21"
762 1883 1 8 "section" 9220596 "05-07-2015_12.00.27"
756 1900 1 10 "section" 9220597 "05-07-2015_12.00.31"
795 1930 1 8 "section" 9220595 "05-07-2015_18.00.01"
764 1887 1 8 "section" 9220596 "05-07-2015_18.00.07"
755 1898 1 10 "section" 9220597 "05-07-2015_18.00.14"
793 1925 1 8 "section" 9220595 "05-08-2015_00.00.02"
760 1878 1 8 "section" 9220596 "05-08-2015_00.00.07"
753 1894 1 10 "section" 9220597 "05-08-2015_00.00.12"
793 1923 1 8 "section" 9220595 "05-08-2015_06.00.01"
760 1878 1 8 "section" 9220596 "05-08-2015_06.00.06"
753 1894 1 10 "section" 9220597 "05-08-2015_06.00.11"
793 1923 1 8 "section" 9220595 "05-08-2015_12.00.01"
755 1868 1 8 "section" 9220596 "05-08-2015_12.00.07"
751 1887 1 10 "section" 9220597 "05-08-2015_12.00.11"
797 1932 1 8 "section" 9220595 "05-08-2015_18.00.01"
763 1900 1 8 "section" 9220596 "05-08-2015_18.00.09"
769 1965 1 10 "section" 9220597 "05-08-2015_18.00.13"
796 1931 1 8 "section" 9220595 "05-09-2015_00.00.01"
762 1899 1 8 "section" 9220596 "05-09-2015_00.00.09"
767 1959 1 10 "section" 9220597 "05-09-2015_00.00.15"
796 1931 1 8 "section" 9220595 "05-09-2015_06.00.01"
762 1899 1 8 "section" 9220596 "05-09-2015_06.00.07"
765 1955 1 10 "section" 9220597 "05-09-2015_06.00.13"
798 1936 1 8 "section" 9220595 "05-09-2015_12.00.01"
764 1901 1 8 "section" 9220596 "05-09-2015_12.00.07"
763 1950 1 10 "section" 9220597 "05-09-2015_12.00.12"
805 1964 1 8 "section" 9220595 "05-09-2015_18.00.01"
764 1898 1 8 "section" 9220596 "05-09-2015_18.00.07"
766 1958 1 10 "section" 9220597 "05-09-2015_18.00.16"
804 1965 1 8 "section" 9220595 "05-10-2015_00.00.01"
763 1898 1 8 "section" 9220596 "05-10-2015_00.00.06"
766 1958 1 10 "section" 9220597 "05-10-2015_00.00.11"
805 1969 1 8 "section" 9220595 "05-10-2015_06.00.01"
763 1898 1 8 "section" 9220596 "05-10-2015_06.00.06"
765 1956 1 10 "section" 9220597 "05-10-2015_06.00.11"
802 1963 1 8 "section" 9220595 "05-10-2015_12.00.24"
763 1899 1 8 "section" 9220596 "05-10-2015_12.00.31"
766 1959 1 10 "section" 9220597 "05-10-2015_12.00.38"
802 1963 1 8 "section" 9220595 "05-10-2015_18.00.01"
766 1906 1 8 "section" 9220596 "05-10-2015_18.00.11"
769 1968 1 10 "section" 9220597 "05-10-2015_18.00.19"
800 1955 1 8 "section" 9220595 "05-11-2015_00.00.01"
764 1902 1 8 "section" 9220596 "05-11-2015_00.00.06"
766 1963 1 10 "section" 9220597 "05-11-2015_00.00.11"
801 1956 1 8 "section" 9220595 "05-11-2015_06.00.01"
765 1904 1 8 "section" 9220596 "05-11-2015_06.00.06"
768 1967 1 10 "section" 9220597 "05-11-2015_06.00.10"
798 1953 1 8 "section" 9220595 "05-11-2015_12.00.01"
764 1903 1 8 "section" 9220596 "05-11-2015_12.00.07"
771 1981 1 10 "section" 9220597 "05-11-2015_12.00.11"
795 1948 1 8 "section" 9220595 "05-11-2015_18.00.01"
763 1900 1 8 "section" 9220596 "05-11-2015_18.00.06"
772 1981 1 10 "section" 9220597 "05-11-2015_18.00.11"
794 1943 1 8 "section" 9220595 "05-12-2015_00.00.01"
763 1904 1 8 "section" 9220596 "05-12-2015_00.00.06"
769 1962 1 10 "section" 9220597 "05-12-2015_00.00.10"
793 1939 1 8 "section" 9220595 "05-12-2015_06.00.01"
764 1905 1 8 "section" 9220596 "05-12-2015_06.00.06"
770 1963 1 10 "section" 9220597 "05-12-2015_06.00.10"
798 1950 1 8 "section" 9220595 "05-12-2015_12.00.01"
764 1907 1 8 "section" 9220596 "05-12-2015_12.00.06"
773 1974 1 10 "section" 9220597 "05-12-2015_12.00.10"
797 1965 1 20 "section" 9220595 "05-12-2015_18.00.01"
766 1910 1 8 "section" 9220596 "05-12-2015_18.00.06"
772 1988 1 20 "section" 9220597 "05-12-2015_18.00.10"
797 1967 1 20 "section" 9220595 "05-13-2015_00.00.01"
767 1913 1 8 "section" 9220596 "05-13-2015_00.00.06"
771 1988 1 20 "section" 9220597 "05-13-2015_00.00.10"
796 1965 1 20 "section" 9220595 "05-13-2015_06.00.01"
767 1913 1 8 "section" 9220596 "05-13-2015_06.00.06"
772 1990 1 20 "section" 9220597 "05-13-2015_06.00.10"
798 1967 1 20 "section" 9220595 "05-13-2015_12.00.01"
769 1915 1 8 "section" 9220596 "05-13-2015_12.00.06"
772 1985 1 20 "section" 9220597 "05-13-2015_12.00.10"
799 1972 1 20 "section" 9220595 "05-13-2015_18.00.01"
768 1914 1 8 "section" 9220596 "05-13-2015_18.00.06"
772 1991 1 20 "section" 9220597 "05-13-2015_18.00.11"
797 1963 1 20 "section" 9220595 "05-14-2015_00.00.01"
768 1913 1 8 "section" 9220596 "05-14-2015_00.00.06"
773 1993 1 20 "section" 9220597 "05-14-2015_00.00.11"
796 1961 1 20 "section" 9220595 "05-14-2015_06.00.01"
768 1913 1 8 "section" 9220596 "05-14-2015_06.00.06"
773 1993 1 20 "section" 9220597 "05-14-2015_06.00.10"
798 1964 1 20 "section" 9220595 "05-14-2015_12.00.03"
768 1927 1 20 "section" 9220596 "05-14-2015_12.00.08"
767 1981 1 20 "section" 9220597 "05-14-2015_12.00.13"
795 1958 1 20 "section" 9220595 "05-14-2015_18.00.01"
765 1921 1 20 "section" 9220596 "05-14-2015_18.00.12"
762 1967 1 20 "section" 9220597 "05-14-2015_18.00.18"
791 1948 1 20 "section" 9220595 "05-15-2015_00.00.01"
766 1926 1 20 "section" 9220596 "05-15-2015_00.00.06"
764 1969 1 20 "section" 9220597 "05-15-2015_00.00.10"
790 1946 1 20 "section" 9220595 "05-15-2015_06.00.03"
766 1924 1 20 "section" 9220596 "05-15-2015_06.00.11"
764 1969 1 20 "section" 9220597 "05-15-2015_06.00.17"
790 1946 1 20 "section" 9220595 "05-15-2015_12.00.01"
763 1919 1 20 "section" 9220596 "05-15-2015_12.00.08"
759 1956 1 20 "section" 9220597 "05-15-2015_12.00.13"
789 1936 1 20 "section" 9220595 "05-15-2015_18.00.01"
762 1913 1 20 "section" 9220596 "05-15-2015_18.00.07"
758 1953 1 20 "section" 9220597 "05-15-2015_18.00.13"
794 1942 1 20 "section" 9220595 "05-16-2015_06.00.01"
774 1932 1 20 "section" 9220596 "05-16-2015_06.00.16"
770 1966 1 20 "section" 9220597 "05-16-2015_06.00.41"
790 1932 1 20 "section" 9220595 "05-16-2015_12.00.03"
770 1923 1 20 "section" 9220596 "05-16-2015_12.00.28"
772 1973 1 20 "section" 9220597 "05-16-2015_12.00.38"
789 1930 1 20 "section" 9220595 "05-17-2015_00.00.01"
773 1923 1 20 "section" 9220596 "05-17-2015_00.01.08"
772 1969 1 19 "section" 9220597 "05-17-2015_00.01.37"
788 1929 1 20 "section" 9220595 "05-17-2015_06.00.01"
773 1923 1 20 "section" 9220596 "05-17-2015_06.00.22"
771 1967 1 19 "section" 9220597 "05-17-2015_06.00.27"
790 1933 1 20 "section" 9220595 "05-17-2015_12.00.01"
775 1926 1 20 "section" 9220596 "05-17-2015_12.00.08"
774 1974 1 19 "section" 9220597 "05-17-2015_12.00.13"
789 1931 1 20 "section" 9220595 "05-17-2015_18.00.01"
774 1923 1 20 "section" 9220596 "05-17-2015_18.00.33"
773 1968 1 19 "section" 9220597 "05-17-2015_18.01.06"
789 1932 1 20 "section" 9220595 "05-18-2015_00.00.01"
773 1921 1 20 "section" 9220596 "05-18-2015_00.00.37"
774 1963 1 19 "section" 9220597 "05-18-2015_00.00.59"
788 1931 1 20 "section" 9220595 "05-18-2015_06.00.01"
773 1920 1 20 "section" 9220596 "05-18-2015_06.00.06"
774 1963 1 19 "section" 9220597 "05-18-2015_06.00.10"
789 1941 1 20 "section" 9220595 "05-18-2015_12.00.01"
772 1919 1 20 "section" 9220596 "05-18-2015_12.00.12"
774 1969 1 19 "section" 9220597 "05-18-2015_12.00.23"
791 1940 1 20 "section" 9220595 "05-18-2015_18.00.01"
771 1915 1 20 "section" 9220596 "05-18-2015_18.00.07"
772 1966 1 19 "section" 9220597 "05-18-2015_18.00.12"
792 1935 1 20 "section" 9220595 "05-19-2015_00.00.01"
772 1917 1 20 "section" 9220596 "05-19-2015_00.11.24"
772 1964 1 19 "section" 9220597 "05-19-2015_00.20.40"
792 1935 1 20 "section" 9220595 "05-19-2015_06.00.01"
771 1915 1 20 "section" 9220596 "05-19-2015_06.00.07"
771 1962 1 19 "section" 9220597 "05-19-2015_06.00.12"
793 1939 1 20 "section" 9220595 "05-19-2015_12.00.01"
776 1927 1 20 "section" 9220596 "05-19-2015_12.00.06"
776 1979 1 19 "section" 9220597 "05-19-2015_12.00.10"
789 1934 1 20 "section" 9220595 "05-19-2015_18.00.01"
769 1913 1 20 "section" 9220596 "05-19-2015_18.01.06"
770 1962 1 19 "section" 9220597 "05-19-2015_18.01.31"
791 1939 1 20 "section" 9220595 "05-20-2015_00.00.01"
770 1912 1 20 "section" 9220596 "05-20-2015_00.00.15"
773 1967 1 19 "section" 9220597 "05-20-2015_00.00.27"
791 1939 1 20 "section" 9220595 "05-20-2015_06.00.04"
770 1912 1 20 "section" 9220596 "05-20-2015_06.00.10"
771 1963 1 19 "section" 9220597 "05-20-2015_06.00.21"
790 1934 1 20 "section" 9220595 "05-20-2015_12.00.01"
771 1916 1 20 "section" 9220596 "05-20-2015_12.00.12"
772 1972 1 19 "section" 9220597 "05-20-2015_12.00.24"
803 1987 1 20 "section" 9220595 "05-20-2015_18.00.01"
775 1931 1 20 "section" 9220596 "05-20-2015_18.01.10"
776 1977 1 19 "section" 9220597 "05-20-2015_18.01.19"
801 1983 1 20 "section" 9220595 "05-21-2015_00.00.01"
773 1919 1 20 "section" 9220596 "05-21-2015_00.01.02"
773 1969 1 19 "section" 9220597 "05-21-2015_00.01.09"
801 1983 1 20 "section" 9220595 "05-21-2015_06.00.01"
773 1919 1 20 "section" 9220596 "05-21-2015_06.00.18"
774 1971 1 19 "section" 9220597 "05-21-2015_06.00.23"
797 1974 1 20 "section" 9220595 "05-21-2015_12.00.34"
773 1919 1 20 "section" 9220596 "05-21-2015_12.00.44"
768 1958 1 19 "section" 9220597 "05-21-2015_12.00.49"
788 1956 1 20 "section" 9220595 "05-21-2015_18.00.02"
784 1966 1 20 "section" 9220596 "05-21-2015_18.00.09"
779 2010 1 19 "section" 9220597 "05-21-2015_18.00.14"
789 1946 1 20 "section" 9220595 "05-22-2015_00.00.01"
778 1954 1 20 "section" 9220596 "05-22-2015_00.00.15"
778 2008 1 19 "section" 9220597 "05-22-2015_00.00.20"
788 1942 1 20 "section" 9220595 "05-22-2015_06.00.01"
777 1952 1 20 "section" 9220596 "05-22-2015_06.00.14"
779 2010 1 19 "section" 9220597 "05-22-2015_06.00.24"
783 1932 1 20 "section" 9220595 "05-22-2015_12.00.01"
774 1948 1 20 "section" 9220596 "05-22-2015_12.00.10"
777 2002 1 19 "section" 9220597 "05-22-2015_12.00.18"
784 1944 1 20 "section" 9220595 "05-22-2015_18.00.02"
774 1956 1 20 "section" 9220596 "05-22-2015_18.03.19"
776 2006 1 19 "section" 9220597 "05-22-2015_18.04.05"
778 1930 1 20 "section" 9220595 "05-23-2015_00.00.01"
770 1940 1 20 "section" 9220596 "05-23-2015_00.00.23"
775 2003 1 19 "section" 9220597 "05-23-2015_00.00.34"
779 1932 1 20 "section" 9220595 "05-23-2015_06.00.01"
771 1942 1 20 "section" 9220596 "05-23-2015_06.00.13"
776 2005 1 19 "section" 9220597 "05-23-2015_06.00.26"
776 1930 1 20 "section" 9220595 "05-23-2015_12.00.01"
768 1938 1 20 "section" 9220596 "05-23-2015_12.00.09"
776 2006 1 19 "section" 9220597 "05-23-2015_12.00.13"
774 1927 1 20 "section" 9220595 "05-23-2015_18.00.01"
764 1928 1 20 "section" 9220596 "05-23-2015_18.00.06"
778 2010 1 19 "section" 9220597 "05-23-2015_18.00.10"
773 1923 1 20 "section" 9220595 "05-24-2015_00.00.01"
763 1924 1 20 "section" 9220596 "05-24-2015_00.00.11"
777 2007 1 19 "section" 9220597 "05-24-2015_00.00.19"
772 1921 1 20 "section" 9220595 "05-24-2015_06.00.01"
763 1924 1 20 "section" 9220596 "05-24-2015_06.00.08"
774 2003 1 19 "section" 9220597 "05-24-2015_06.00.14"
772 1915 1 20 "section" 9220595 "05-24-2015_12.00.01"
764 1926 1 20 "section" 9220596 "05-24-2015_12.00.07"
774 2002 1 19 "section" 9220597 "05-24-2015_12.00.11"
769 1912 1 20 "section" 9220595 "05-24-2015_18.00.01"
763 1924 1 20 "section" 9220596 "05-24-2015_18.00.23"
773 2001 1 19 "section" 9220597 "05-24-2015_18.00.44"
767 1908 1 20 "section" 9220595 "05-25-2015_00.00.01"
761 1919 1 20 "section" 9220596 "05-25-2015_00.00.22"
773 1996 1 19 "section" 9220597 "05-25-2015_00.00.46"
767 1908 1 20 "section" 9220595 "05-25-2015_06.00.01"
761 1919 1 20 "section" 9220596 "05-25-2015_06.00.17"
773 1996 1 19 "section" 9220597 "05-25-2015_06.00.34"
768 1904 1 20 "section" 9220595 "05-25-2015_12.00.01"
758 1911 1 20 "section" 9220596 "05-25-2015_12.00.16"
773 1994 1 19 "section" 9220597 "05-25-2015_12.00.30"
769 1908 1 20 "section" 9220595 "05-25-2015_18.00.01"
757 1907 1 20 "section" 9220596 "05-25-2015_18.00.07"
770 1990 1 19 "section" 9220597 "05-25-2015_18.00.15"
767 1900 1 20 "section" 9220595 "05-26-2015_00.00.01"
756 1905 1 20 "section" 9220596 "05-26-2015_00.01.13"
769 1986 1 19 "section" 9220597 "05-26-2015_00.01.57"
766 1898 1 20 "section" 9220595 "05-26-2015_06.00.01"
755 1901 1 20 "section" 9220596 "05-26-2015_06.00.06"
768 1984 1 19 "section" 9220597 "05-26-2015_06.00.13"
767 1900 1 20 "section" 9220595 "05-26-2015_12.00.01"
753 1894 1 20 "section" 9220596 "05-26-2015_12.00.14"
771 1992 1 19 "section" 9220597 "05-26-2015_12.00.24"
768 1898 1 20 "section" 9220595 "05-26-2015_18.00.01"
752 1888 1 20 "section" 9220596 "05-26-2015_18.00.47"
766 1980 1 19 "section" 9220597 "05-26-2015_18.01.00"
770 1908 1 20 "section" 9220595 "05-27-2015_00.00.01"
753 1902 1 20 "section" 9220596 "05-27-2015_00.00.15"
771 2002 1 19 "section" 9220597 "05-27-2015_00.00.28"
769 1907 1 20 "section" 9220595 "05-27-2015_06.00.01"
748 1895 1 20 "section" 9220596 "05-27-2015_06.00.07"
772 2004 1 19 "section" 9220597 "05-27-2015_06.00.11"
772 1919 1 20 "section" 9220595 "05-27-2015_12.00.01"
761 1949 1 20 "section" 9220596 "05-27-2015_12.00.15"
779 2027 1 19 "section" 9220597 "05-27-2015_12.00.30"
771 1906 1 20 "section" 9220595 "05-27-2015_18.00.01"
756 1931 1 20 "section" 9220596 "05-27-2015_18.00.20"
773 2002 1 19 "section" 9220597 "05-27-2015_18.00.36"
767 1899 1 20 "section" 9220595 "05-28-2015_00.00.01"
753 1923 1 20 "section" 9220596 "05-28-2015_00.00.23"
771 1999 1 19 "section" 9220597 "05-28-2015_00.00.40"
766 1898 1 20 "section" 9220595 "05-28-2015_06.00.01"
754 1925 1 20 "section" 9220596 "05-28-2015_06.00.06"
768 1994 1 19 "section" 9220597 "05-28-2015_06.00.11"
776 1933 1 20 "section" 9220595 "05-28-2015_12.00.01"
769 1997 1 20 "section" 9220596 "05-28-2015_12.00.06"
791 2080 1 19 "section" 9220597 "05-28-2015_12.00.14"
773 1921 1 20 "section" 9220595 "05-28-2015_18.00.01"
765 1974 1 20 "section" 9220596 "05-28-2015_18.00.08"
788 2061 1 19 "section" 9220597 "05-28-2015_18.00.12"
772 1919 1 20 "section" 9220595 "05-29-2015_00.00.01"
764 1971 1 20 "section" 9220596 "05-29-2015_00.00.33"
789 2063 1 19 "section" 9220597 "05-29-2015_00.01.01"
772 1923 1 20 "section" 9220595 "05-29-2015_06.00.01"
764 1975 1 20 "section" 9220596 "05-29-2015_06.00.10"
791 2071 1 19 "section" 9220597 "05-29-2015_06.00.14"
768 1915 1 20 "section" 9220595 "05-29-2015_12.00.01"
761 1962 1 20 "section" 9220596 "05-29-2015_12.00.08"
791 2069 1 19 "section" 9220597 "05-29-2015_12.00.12"
762 1894 1 20 "section" 9220595 "05-29-2015_18.00.01"
756 1953 1 20 "section" 9220596 "05-29-2015_18.00.50"
789 2056 1 19 "section" 9220597 "05-29-2015_18.01.02"
757 1885 1 20 "section" 9220595 "05-30-2015_00.00.01"
754 1951 1 20 "section" 9220596 "05-30-2015_00.00.12"
783 2045 1 19 "section" 9220597 "05-30-2015_00.00.22"
757 1885 1 20 "section" 9220595 "05-30-2015_06.00.01"
754 1951 1 20 "section" 9220596 "05-30-2015_06.00.07"
784 2047 1 19 "section" 9220597 "05-30-2015_06.00.13"
761 1902 1 20 "section" 9220595 "05-30-2015_12.00.01"
754 1967 1 20 "section" 9220596 "05-30-2015_12.00.06"
790 2067 1 19 "section" 9220597 "05-30-2015_12.00.10"
753 1872 1 20 "section" 9220595 "05-30-2015_18.00.01"
756 1970 1 20 "section" 9220596 "05-30-2015_18.00.07"
789 2070 1 19 "section" 9220597 "05-30-2015_18.00.13"
758 1888 1 20 "section" 9220595 "05-31-2015_00.00.01"
753 1966 1 20 "section" 9220596 "05-31-2015_00.00.10"
789 2068 1 19 "section" 9220597 "05-31-2015_00.00.14"
758 1888 1 20 "section" 9220595 "05-31-2015_06.00.01"
753 1966 1 20 "section" 9220596 "05-31-2015_06.00.07"
788 2066 1 19 "section" 9220597 "05-31-2015_06.00.11"
753 1876 1 20 "section" 9220595 "05-31-2015_12.00.01"
753 1969 1 20 "section" 9220596 "05-31-2015_12.00.09"
786 2065 1 19 "section" 9220597 "05-31-2015_12.00.15"
746 1855 1 20 "section" 9220595 "05-31-2015_18.00.01"
750 1961 1 20 "section" 9220596 "05-31-2015_18.00.09"
784 2056 1 19 "section" 9220597 "05-31-2015_18.00.14"
740 1840 1 20 "section" 9220595 "06-01-2015_00.00.40"
743 1946 1 20 "section" 9220596 "06-01-2015_00.00.46"
782 2053 1 19 "section" 9220597 "06-01-2015_00.01.02"
741 1844 1 20 "section" 9220595 "06-01-2015_06.00.01"
740 1934 1 20 "section" 9220596 "06-01-2015_06.00.06"
783 2055 1 19 "section" 9220597 "06-01-2015_06.00.10"
742 1850 1 20 "section" 9220595 "06-01-2015_12.00.01"
747 1947 1 20 "section" 9220596 "06-01-2015_12.00.06"
781 2055 1 19 "section" 9220597 "06-01-2015_12.00.10"
739 1845 1 20 "section" 9220595 "06-01-2015_18.00.01"
747 1945 1 20 "section" 9220596 "06-01-2015_18.00.06"
782 2048 1 19 "section" 9220597 "06-01-2015_18.00.10"
733 1842 1 20 "section" 9220595 "06-02-2015_06.00.01"
736 1922 1 20 "section" 9220596 "06-02-2015_06.00.06"
783 2052 1 19 "section" 9220597 "06-02-2015_06.00.10"
742 1862 1 20 "section" 9220595 "06-02-2015_12.00.01"
752 1935 1 8 "section" 9220596 "06-02-2015_12.00.06"
800 2075 1 10 "section" 9220597 "06-02-2015_12.00.10"
740 1861 1 20 "section" 9220595 "06-02-2015_18.00.01"
755 1933 1 8 "section" 9220596 "06-02-2015_18.00.24"
802 2096 1 19 "section" 9220597 "06-02-2015_18.00.38"
737 1855 1 20 "section" 9220595 "06-03-2015_00.00.01"
754 1933 1 8 "section" 9220596 "06-03-2015_00.00.07"
800 2091 1 19 "section" 9220597 "06-03-2015_00.00.12"
738 1856 1 20 "section" 9220595 "06-03-2015_06.00.01"
746 1913 1 8 "section" 9220596 "06-03-2015_06.00.07"
802 2095 1 19 "section" 9220597 "06-03-2015_06.00.12"
742 1885 1 20 "section" 9220595 "06-03-2015_12.00.02"
763 1978 1 12 "section" 9220596 "06-03-2015_12.00.08"
805 2121 1 19 "section" 9220597 "06-03-2015_12.00.16"
743 1894 1 20 "section" 9220595 "06-03-2015_18.00.01"
768 2004 1 8 "section" 9220596 "06-03-2015_18.00.06"
807 2134 1 19 "section" 9220597 "06-03-2015_18.00.11"
741 1892 1 20 "section" 9220595 "06-04-2015_00.00.01"
767 2001 1 8 "section" 9220596 "06-04-2015_00.00.09"
807 2134 1 19 "section" 9220597 "06-04-2015_00.00.22"
740 1889 1 20 "section" 9220595 "06-04-2015_06.00.01"
771 2017 1 8 "section" 9220596 "06-04-2015_06.00.10"
808 2145 1 19 "section" 9220597 "06-04-2015_06.00.15"
742 1899 1 20 "section" 9220595 "06-04-2015_12.00.01"
770 2020 1 8 "section" 9220596 "06-04-2015_12.00.07"
827 2222 1 19 "section" 9220597 "06-04-2015_12.00.12"
743 1900 1 20 "section" 9220595 "06-04-2015_18.00.01"
774 2027 1 8 "section" 9220596 "06-04-2015_18.00.07"
831 2235 1 19 "section" 9220597 "06-04-2015_18.00.14"
742 1902 1 20 "section" 9220595 "06-05-2015_00.00.01"
774 2031 1 8 "section" 9220596 "06-05-2015_00.00.06"
833 2240 1 19 "section" 9220597 "06-05-2015_00.00.14"
741 1901 1 20 "section" 9220595 "06-05-2015_06.00.01"
774 2031 1 8 "section" 9220596 "06-05-2015_06.00.14"
833 2242 1 19 "section" 9220597 "06-05-2015_06.00.34"
860 2129 1 20 "section" 9220595 "06-05-2015_12.00.01"
961 2369 1 8 "section" 9220596 "06-05-2015_12.00.14"
982 2518 1 18 "section" 9220597 "06-05-2015_12.00.25"
912 2201 1 20 "section" 9220595 "06-05-2015_18.00.01"
1003 2442 1 8 "section" 9220596 "06-05-2015_18.00.39"
1031 2604 1 18 "section" 9220597 "06-05-2015_18.00.52"
918 2203 1 20 "section" 9220595 "06-06-2015_00.00.01"
1011 2459 1 8 "section" 9220596 "06-06-2015_00.00.09"
1036 2605 1 18 "section" 9220597 "06-06-2015_00.00.14"
923 2216 1 20 "section" 9220595 "06-06-2015_06.00.01"
1009 2454 1 8 "section" 9220596 "06-06-2015_06.00.11"
1041 2619 1 18 "section" 9220597 "06-06-2015_06.00.17"
926 2225 1 20 "section" 9220595 "06-06-2015_12.00.01"
1013 2478 1 12 "section" 9220596 "06-06-2015_12.00.12"
1043 2631 1 18 "section" 9220597 "06-06-2015_12.00.19"
925 2223 1 20 "section" 9220595 "06-06-2015_18.00.01"
1007 2475 1 12 "section" 9220596 "06-06-2015_18.00.07"
1042 2630 1 18 "section" 9220597 "06-06-2015_18.00.13"
922 2213 1 20 "section" 9220595 "06-07-2015_00.00.01"
1006 2464 1 12 "section" 9220596 "06-07-2015_00.00.16"
1037 2628 1 18 "section" 9220597 "06-07-2015_00.00.23"
923 2216 1 20 "section" 9220595 "06-07-2015_06.00.01"
1008 2470 1 12 "section" 9220596 "06-07-2015_06.00.08"
1039 2633 1 18 "section" 9220597 "06-07-2015_06.00.17"
923 2215 1 20 "section" 9220595 "06-07-2015_12.00.01"
1008 2467 1 12 "section" 9220596 "06-07-2015_12.00.08"
1043 2641 1 18 "section" 9220597 "06-07-2015_12.00.13"
926 2215 1 20 "section" 9220595 "06-07-2015_18.00.01"
1006 2463 1 12 "section" 9220596 "06-07-2015_18.00.09"
1041 2635 1 18 "section" 9220597 "06-07-2015_18.00.15"
929 2216 1 20 "section" 9220595 "06-08-2015_00.00.01"
1002 2454 1 12 "section" 9220596 "06-08-2015_00.00.13"
1043 2639 1 18 "section" 9220597 "06-08-2015_00.00.27"
930 2220 1 20 "section" 9220595 "06-08-2015_06.00.01"
1001 2462 1 12 "section" 9220596 "06-08-2015_06.00.07"
1046 2642 1 18 "section" 9220597 "06-08-2015_06.00.14"
949 2266 1 20 "section" 9220595 "06-08-2015_12.00.01"
1025 2536 1 12 "section" 9220596 "06-08-2015_12.00.12"
1052 2657 1 18 "section" 9220597 "06-08-2015_12.00.22"
968 2319 1 20 "section" 9220595 "06-08-2015_18.00.01"
1054 2608 1 12 "section" 9220596 "06-08-2015_18.00.10"
1091 2771 1 18 "section" 9220597 "06-08-2015_18.00.16"
967 2317 1 20 "section" 9220595 "06-09-2015_00.00.01"
1057 2626 1 12 "section" 9220596 "06-09-2015_00.00.12"
1096 2790 1 18 "section" 9220597 "06-09-2015_00.00.26"
968 2319 1 20 "section" 9220595 "06-09-2015_06.00.01"
1057 2624 1 12 "section" 9220596 "06-09-2015_06.00.07"
1094 2787 1 18 "section" 9220597 "06-09-2015_06.00.14"
993 2367 1 20 "section" 9220595 "06-09-2015_12.00.01"
1067 2646 1 12 "section" 9220596 "06-09-2015_12.00.12"
1094 2793 1 18 "section" 9220597 "06-09-2015_12.00.23"
984 2353 1 20 "section" 9220595 "06-09-2015_18.00.01"
1058 2645 1 17 "section" 9220596 "06-09-2015_18.00.16"
1086 2773 1 18 "section" 9220597 "06-09-2015_18.00.24"
972 2329 1 20 "section" 9220595 "06-10-2015_00.00.01"
1045 2625 1 17 "section" 9220596 "06-10-2015_00.00.10"
1082 2769 1 18 "section" 9220597 "06-10-2015_00.00.54"
970 2326 1 20 "section" 9220595 "06-10-2015_06.00.04"
1044 2622 1 17 "section" 9220596 "06-10-2015_06.00.12"
1083 2773 1 18 "section" 9220597 "06-10-2015_06.00.18"
986 2367 1 20 "section" 9220595 "06-10-2015_18.00.01"
1068 2653 1 17 "section" 9220596 "06-10-2015_18.00.11"
1089 2787 1 18 "section" 9220597 "06-10-2015_18.00.22"
988 2373 1 20 "section" 9220595 "06-11-2015_00.00.01"
1064 2646 1 17 "section" 9220596 "06-11-2015_00.00.08"
1089 2780 1 18 "section" 9220597 "06-11-2015_00.00.18"
988 2375 1 20 "section" 9220595 "06-11-2015_06.00.05"
1063 2645 1 17 "section" 9220596 "06-11-2015_06.00.13"
1089 2779 1 18 "section" 9220597 "06-11-2015_06.00.19"
1003 2409 1 20 "section" 9220595 "06-11-2015_12.00.01"
1104 2717 1 17 "section" 9220596 "06-11-2015_12.00.11"
1120 2833 1 18 "section" 9220597 "06-11-2015_12.00.25"
992 2392 1 20 "section" 9220595 "06-11-2015_18.00.01"
1096 2706 1 17 "section" 9220596 "06-11-2015_18.00.14"
1117 2818 1 18 "section" 9220597 "06-11-2015_18.00.48"
989 2395 1 20 "section" 9220595 "06-12-2015_00.00.01"
1089 2697 1 17 "section" 9220596 "06-12-2015_00.00.46"
1116 2824 1 18 "section" 9220597 "06-12-2015_00.00.57"
988 2392 1 20 "section" 9220595 "06-12-2015_06.00.01"
1090 2695 1 17 "section" 9220596 "06-12-2015_06.00.09"
1117 2830 1 18 "section" 9220597 "06-12-2015_06.00.16"
982 2374 1 17 "section" 9220595 "06-12-2015_12.00.05"
1095 2705 1 17 "section" 9220596 "06-12-2015_12.00.12"
1102 2795 1 18 "section" 9220597 "06-12-2015_12.00.19"
986 2380 1 16 "section" 9220595 "06-12-2015_18.00.01"
1098 2738 1 17 "section" 9220596 "06-12-2015_18.00.08"
1101 2798 1 17 "section" 9220597 "06-12-2015_18.00.20"
987 2383 1 16 "section" 9220595 "06-13-2015_00.00.01"
1096 2730 1 17 "section" 9220596 "06-13-2015_00.00.12"
1100 2795 1 17 "section" 9220597 "06-13-2015_00.00.21"
985 2380 1 16 "section" 9220595 "06-13-2015_06.00.01"
1097 2732 1 17 "section" 9220596 "06-13-2015_06.00.11"
1094 2780 1 17 "section" 9220597 "06-13-2015_06.00.18"
982 2365 1 16 "section" 9220595 "06-13-2015_12.00.01"
1088 2712 1 17 "section" 9220596 "06-13-2015_12.00.07"
1079 2740 1 17 "section" 9220597 "06-13-2015_12.00.28"
979 2353 1 16 "section" 9220595 "06-13-2015_18.00.02"
1080 2690 1 17 "section" 9220596 "06-13-2015_18.00.18"
1081 2739 1 17 "section" 9220597 "06-13-2015_18.00.26"
977 2349 1 16 "section" 9220595 "06-14-2015_00.00.01"
1079 2683 1 17 "section" 9220596 "06-14-2015_00.00.07"
1074 2725 1 17 "section" 9220597 "06-14-2015_00.00.13"
975 2345 1 16 "section" 9220595 "06-14-2015_06.00.14"
1078 2681 1 17 "section" 9220596 "06-14-2015_06.00.38"
1073 2723 1 17 "section" 9220597 "06-14-2015_06.00.59"
982 2365 1 16 "section" 9220595 "06-14-2015_12.00.01"
1086 2694 1 17 "section" 9220596 "06-14-2015_12.00.12"
1100 2779 1 17 "section" 9220597 "06-14-2015_12.00.23"
982 2360 1 16 "section" 9220595 "06-14-2015_18.00.01"
1084 2689 1 17 "section" 9220596 "06-14-2015_18.00.16"
1096 2758 1 17 "section" 9220597 "06-14-2015_18.00.58"
981 2368 1 16 "section" 9220595 "06-15-2015_00.00.01"
1083 2690 1 17 "section" 9220596 "06-15-2015_00.00.28"
1097 2766 1 17 "section" 9220597 "06-15-2015_00.00.45"
982 2368 1 16 "section" 9220595 "06-15-2015_06.00.01"
1080 2684 1 17 "section" 9220596 "06-15-2015_06.00.11"
1097 2768 1 17 "section" 9220597 "06-15-2015_06.00.20"
1001 2399 1 16 "section" 9220595 "06-15-2015_12.00.01"
1089 2706 1 17 "section" 9220596 "06-15-2015_12.00.20"
1099 2769 1 17 "section" 9220597 "06-15-2015_12.00.27"
1000 2392 1 16 "section" 9220595 "06-15-2015_18.00.01"
1082 2694 1 18 "section" 9220596 "06-15-2015_18.00.13"
1090 2756 1 17 "section" 9220597 "06-15-2015_18.00.26"
991 2370 1 16 "section" 9220595 "06-16-2015_00.00.01"
1073 2683 1 18 "section" 9220596 "06-16-2015_00.02.00"
1107 2794 1 17 "section" 9220597 "06-16-2015_00.04.15"
988 2362 1 16 "section" 9220595 "06-16-2015_06.00.01"
1073 2683 1 18 "section" 9220596 "06-16-2015_06.00.12"
1104 2789 1 17 "section" 9220597 "06-16-2015_06.00.25"
986 2369 1 16 "section" 9220595 "06-16-2015_12.00.01"
1092 2744 1 18 "section" 9220596 "06-16-2015_12.00.07"
1103 2768 1 17 "section" 9220597 "06-16-2015_12.00.17"
1017 2466 1 16 "section" 9220595 "06-16-2015_18.00.01"
1113 2802 1 18 "section" 9220596 "06-16-2015_18.00.22"
1124 2815 1 17 "section" 9220597 "06-16-2015_18.00.31"
1025 2491 1 16 "section" 9220595 "06-17-2015_00.00.01"
1128 2837 1 18 "section" 9220596 "06-17-2015_00.00.16"
1129 2832 1 17 "section" 9220597 "06-17-2015_00.00.34"
1020 2478 1 16 "section" 9220595 "06-17-2015_06.00.01"
1128 2835 1 18 "section" 9220596 "06-17-2015_06.00.09"
1128 2832 1 17 "section" 9220597 "06-17-2015_06.00.17"
1028 2487 1 16 "section" 9220595 "06-17-2015_12.00.01"
1108 2778 1 18 "section" 9220596 "06-17-2015_12.00.17"
1102 2778 1 17 "section" 9220597 "06-17-2015_12.00.32"
1039 2503 1 15 "section" 9220595 "06-17-2015_18.00.01"
1126 2798 1 18 "section" 9220596 "06-17-2015_18.00.09"
1091 2745 1 17 "section" 9220597 "06-17-2015_18.00.17"
1046 2518 1 15 "section" 9220595 "06-18-2015_00.00.01"
1139 2821 1 18 "section" 9220596 "06-18-2015_00.00.28"
1098 2756 1 17 "section" 9220597 "06-18-2015_00.00.51"
1053 2532 1 15 "section" 9220595 "06-18-2015_06.00.01"
1141 2829 1 18 "section" 9220596 "06-18-2015_06.00.23"
1105 2779 1 17 "section" 9220597 "06-18-2015_06.00.39"
1049 2519 1 15 "section" 9220595 "06-18-2015_12.00.01"
1152 2854 1 18 "section" 9220596 "06-18-2015_12.00.08"
1107 2785 1 17 "section" 9220597 "06-18-2015_12.00.14"
1060 2551 1 15 "section" 9220595 "06-18-2015_18.00.01"
1165 2905 1 18 "section" 9220596 "06-18-2015_18.00.09"
1155 2901 1 17 "section" 9220597 "06-18-2015_18.00.16"
1069 2563 1 15 "section" 9220595 "06-19-2015_00.00.01"
1156 2872 1 18 "section" 9220596 "06-19-2015_00.00.38"
1158 2884 1 17 "section" 9220597 "06-19-2015_00.01.13"
1070 2565 1 15 "section" 9220595 "06-19-2015_06.00.01"
1151 2865 1 18 "section" 9220596 "06-19-2015_06.00.24"
1159 2890 1 17 "section" 9220597 "06-19-2015_06.00.35"
1060 2523 1 15 "section" 9220595 "06-19-2015_12.00.01"
1151 2855 1 18 "section" 9220596 "06-19-2015_12.00.11"
1137 2833 1 17 "section" 9220597 "06-19-2015_12.00.22"
1051 2467 1 15 "section" 9220595 "06-19-2015_18.00.01"
1107 2695 1 18 "section" 9220596 "06-19-2015_18.00.30"
1108 2733 1 17 "section" 9220597 "06-19-2015_18.01.04"
1050 2459 1 15 "section" 9220595 "06-20-2015_00.00.01"
1106 2696 1 18 "section" 9220596 "06-20-2015_00.00.25"
1097 2707 1 17 "section" 9220597 "06-20-2015_00.00.47"
1052 2465 1 15 "section" 9220595 "06-20-2015_06.00.01"
1108 2700 1 18 "section" 9220596 "06-20-2015_06.00.22"
1097 2711 1 17 "section" 9220597 "06-20-2015_06.00.38"
1053 2473 1 15 "section" 9220595 "06-20-2015_12.00.01"
1104 2698 1 18 "section" 9220596 "06-20-2015_12.00.55"
1109 2735 1 17 "section" 9220597 "06-20-2015_12.01.30"
1068 2512 1 15 "section" 9220595 "06-20-2015_18.00.01"
1090 2654 1 18 "section" 9220596 "06-20-2015_18.00.13"
1107 2742 1 17 "section" 9220597 "06-20-2015_18.00.27"
1065 2502 1 15 "section" 9220595 "06-21-2015_00.00.01"
1089 2649 1 18 "section" 9220596 "06-21-2015_00.00.11"
1104 2732 1 17 "section" 9220597 "06-21-2015_00.00.22"
1066 2501 1 15 "section" 9220595 "06-21-2015_06.00.01"
1086 2644 1 18 "section" 9220596 "06-21-2015_06.00.28"
1104 2733 1 17 "section" 9220597 "06-21-2015_06.00.54"
1077 2532 1 15 "section" 9220595 "06-21-2015_12.00.01"
1087 2652 1 18 "section" 9220596 "06-21-2015_12.00.15"
1112 2750 1 17 "section" 9220597 "06-21-2015_12.00.21"
1075 2519 1 15 "section" 9220595 "06-21-2015_18.00.04"
1080 2646 1 18 "section" 9220596 "06-21-2015_18.00.45"
1111 2747 1 17 "section" 9220597 "06-21-2015_18.01.39"
1072 2514 1 15 "section" 9220595 "06-22-2015_00.00.03"
1061 2621 1 18 "section" 9220596 "06-22-2015_00.01.04"
1106 2737 1 17 "section" 9220597 "06-22-2015_00.01.44"
1075 2520 1 15 "section" 9220595 "06-22-2015_06.00.23"
1060 2623 1 18 "section" 9220596 "06-22-2015_06.00.34"
1105 2737 1 17 "section" 9220597 "06-22-2015_06.00.41"
1095 2541 1 15 "section" 9220595 "06-22-2015_12.00.03"
1072 2585 1 18 "section" 9220596 "06-22-2015_12.00.48"
1135 2806 1 17 "section" 9220597 "06-22-2015_12.01.10"
1101 2602 1 15 "section" 9220595 "06-22-2015_18.00.03"
1094 2720 1 18 "section" 9220596 "06-22-2015_18.00.31"
1148 2861 1 17 "section" 9220597 "06-22-2015_18.00.54"
1095 2585 1 15 "section" 9220595 "06-23-2015_00.00.01"
1099 2729 1 18 "section" 9220596 "06-23-2015_00.01.50"
1150 2855 1 17 "section" 9220597 "06-23-2015_00.03.34"
1096 2585 1 15 "section" 9220595 "06-23-2015_06.00.01"
1101 2730 1 18 "section" 9220596 "06-23-2015_06.00.29"
1153 2859 1 17 "section" 9220597 "06-23-2015_06.00.46"
1087 2589 1 15 "section" 9220595 "06-23-2015_12.00.01"
1101 2750 1 18 "section" 9220596 "06-23-2015_12.00.31"
1132 2826 1 17 "section" 9220597 "06-23-2015_12.00.52"
1078 2551 1 12 "section" 9220595 "06-23-2015_18.00.01"
1084 2692 1 18 "section" 9220596 "06-23-2015_18.00.47"
1130 2799 1 17 "section" 9220597 "06-23-2015_18.01.13"
1072 2540 1 12 "section" 9220595 "06-24-2015_00.00.01"
1076 2683 1 18 "section" 9220596 "06-24-2015_00.00.21"
1110 2763 1 17 "section" 9220597 "06-24-2015_00.00.51"
1068 2529 1 12 "section" 9220595 "06-24-2015_06.00.01"
1073 2676 1 18 "section" 9220596 "06-24-2015_06.00.08"
1110 2764 1 17 "section" 9220597 "06-24-2015_06.00.14"
1074 2541 1 12 "section" 9220595 "06-24-2015_12.00.01"
1090 2711 1 18 "section" 9220596 "06-24-2015_12.00.10"
1105 2747 1 12 "section" 9220597 "06-24-2015_12.00.17"
1119 2614 1 12 "section" 9220595 "06-24-2015_18.00.02"
1132 2795 1 18 "section" 9220596 "06-24-2015_18.00.10"
1143 2863 1 16 "section" 9220597 "06-24-2015_18.00.16"
1116 2612 1 12 "section" 9220595 "06-25-2015_00.00.01"
1143 2824 1 20 "section" 9220596 "06-25-2015_00.01.11"
1152 2868 1 16 "section" 9220597 "06-25-2015_00.02.14"
1116 2609 1 12 "section" 9220595 "06-25-2015_06.00.01"
1142 2850 1 20 "section" 9220596 "06-25-2015_06.01.46"
1150 2867 1 16 "section" 9220597 "06-25-2015_06.03.29"
1049 2483 1 12 "section" 9220595 "06-25-2015_12.00.01"
1046 2668 1 20 "section" 9220596 "06-25-2015_12.00.15"
1140 2848 1 14 "section" 9220597 "06-25-2015_12.00.30"
1054 2473 1 12 "section" 9220595 "06-25-2015_18.00.01"
1038 2673 1 20 "section" 9220596 "06-25-2015_18.00.11"
1141 2842 1 14 "section" 9220597 "06-25-2015_18.00.34"
1041 2429 1 12 "section" 9220595 "06-26-2015_00.00.01"
1031 2653 1 20 "section" 9220596 "06-26-2015_00.00.13"
1135 2816 1 14 "section" 9220597 "06-26-2015_00.00.18"
1038 2424 1 12 "section" 9220595 "06-26-2015_06.00.01"
1030 2652 1 20 "section" 9220596 "06-26-2015_06.00.15"
1128 2799 1 14 "section" 9220597 "06-26-2015_06.00.25"
1025 2419 1 12 "section" 9220595 "06-26-2015_12.00.01"
1034 2684 1 20 "section" 9220596 "06-26-2015_12.00.07"
1063 2662 1 16 "section" 9220597 "06-26-2015_12.00.17"
1021 2415 1 10 "section" 9220595 "06-26-2015_18.00.01"
1039 2705 1 20 "section" 9220596 "06-26-2015_18.00.31"
1101 2761 1 15 "section" 9220597 "06-26-2015_18.00.49"
1029 2431 1 10 "section" 9220595 "06-27-2015_00.00.01"
1044 2709 1 20 "section" 9220596 "06-27-2015_00.00.22"
1094 2728 1 15 "section" 9220597 "06-27-2015_00.00.28"
1035 2440 1 10 "section" 9220595 "06-27-2015_06.00.05"
1051 2715 1 20 "section" 9220596 "06-27-2015_06.00.21"
1096 2730 1 15 "section" 9220597 "06-27-2015_06.00.27"
1064 2525 1 10 "section" 9220595 "06-27-2015_12.00.01"
1083 2795 1 20 "section" 9220596 "06-27-2015_12.00.15"
1105 2770 1 15 "section" 9220597 "06-27-2015_12.00.24"
1041 2449 1 10 "section" 9220595 "06-27-2015_18.00.01"
1050 2676 1 20 "section" 9220596 "06-27-2015_18.00.09"
1101 2741 1 15 "section" 9220597 "06-27-2015_18.00.19"
1029 2423 1 10 "section" 9220595 "06-28-2015_00.00.01"
1041 2652 1 20 "section" 9220596 "06-28-2015_00.00.58"
1101 2738 1 15 "section" 9220597 "06-28-2015_00.01.36"
1031 2429 1 10 "section" 9220595 "06-28-2015_06.00.01"
1040 2650 1 20 "section" 9220596 "06-28-2015_06.00.11"
1096 2721 1 15 "section" 9220597 "06-28-2015_06.00.19"
1019 2391 1 10 "section" 9220595 "06-28-2015_12.00.19"
1048 2656 1 20 "section" 9220596 "06-28-2015_12.00.38"
1094 2733 1 15 "section" 9220597 "06-28-2015_12.00.56"
987 2310 1 10 "section" 9220595 "06-28-2015_18.00.01"
1022 2593 1 20 "section" 9220596 "06-28-2015_18.00.21"
1062 2619 1 15 "section" 9220597 "06-28-2015_18.00.33"
950 2224 1 10 "section" 9220595 "06-29-2015_00.00.01"
988 2518 1 20 "section" 9220596 "06-29-2015_00.00.09"
1047 2575 1 15 "section" 9220597 "06-29-2015_00.00.23"
943 2210 1 10 "section" 9220595 "06-29-2015_06.00.01"
978 2498 1 20 "section" 9220596 "06-29-2015_06.00.43"
1042 2556 1 15 "section" 9220597 "06-29-2015_06.01.12"
934 2197 1 9 "section" 9220595 "06-29-2015_12.00.01"
988 2488 1 18 "section" 9220596 "06-29-2015_12.00.08"
1047 2549 1 15 "section" 9220597 "06-29-2015_12.00.14"
889 2051 1 10 "section" 9220595 "06-29-2015_18.00.01"
929 2336 1 18 "section" 9220596 "06-29-2015_18.00.12"
1011 2455 1 15 "section" 9220597 "06-29-2015_18.00.25"
837 1912 1 10 "section" 9220595 "06-30-2015_00.00.01"
894 2232 1 18 "section" 9220596 "06-30-2015_00.00.06"
999 2462 1 15 "section" 9220597 "06-30-2015_00.00.10"
830 1901 1 10 "section" 9220595 "06-30-2015_06.00.01"
893 2239 1 18 "section" 9220596 "06-30-2015_06.00.10"
998 2463 1 15 "section" 9220597 "06-30-2015_06.00.15"
757 1735 1 10 "section" 9220595 "06-30-2015_12.00.01"
853 2108 1 17 "section" 9220596 "06-30-2015_12.00.12"
979 2424 1 14 "section" 9220597 "06-30-2015_12.00.21"
253 662 1 12 "section" 9220595 "06-30-2015_18.00.01"
778 1940 1 17 "section" 9220596 "06-30-2015_18.00.04"
911 2290 1 13 "section" 9220597 "06-30-2015_18.00.15"
216 562 1 12 "section" 9220595 "07-01-2015_00.00.01"
714 1759 1 17 "section" 9220596 "07-01-2015_00.00.07"
845 2133 1 15 "section" 9220597 "07-01-2015_00.00.22"
213 552 1 12 "section" 9220595 "07-01-2015_06.00.01"
695 1734 1 17 "section" 9220596 "07-01-2015_06.00.04"
822 2089 1 15 "section" 9220597 "07-01-2015_06.00.16"
221 567 1 12 "section" 9220595 "07-01-2015_12.00.01"
684 1687 1 14 "section" 9220596 "07-01-2015_12.00.31"
771 1940 1 15 "section" 9220597 "07-01-2015_12.01.21"
177 440 1 10 "section" 9220595 "07-01-2015_18.00.03"
371 995 1 14 "section" 9220596 "07-01-2015_18.00.06"
379 1068 1 16 "section" 9220597 "07-01-2015_18.00.13"
172 429 1 10 "section" 9220595 "07-02-2015_00.00.01"
344 951 1 14 "section" 9220596 "07-02-2015_00.00.06"
373 1068 1 16 "section" 9220597 "07-02-2015_00.00.39"
171 420 1 10 "section" 9220595 "07-02-2015_06.00.01"
342 944 1 14 "section" 9220596 "07-02-2015_06.00.11"
377 1072 1 16 "section" 9220597 "07-02-2015_06.00.19"
228 516 1 10 "section" 9220595 "07-02-2015_12.00.01"
356 924 1 14 "section" 9220596 "07-02-2015_12.00.03"
395 1050 1 14 "section" 9220597 "07-02-2015_12.00.36"
262 581 1 8 "section" 9220595 "07-02-2015_18.00.01"
348 909 1 13 "section" 9220596 "07-02-2015_18.00.09"
372 1010 1 18 "section" 9220597 "07-02-2015_18.00.14"
264 591 1 8 "section" 9220595 "07-03-2015_00.00.01"
368 958 1 13 "section" 9220596 "07-03-2015_00.00.11"
433 1158 1 18 "section" 9220597 "07-03-2015_00.00.23"
253 562 1 8 "section" 9220595 "07-03-2015_06.00.01"
366 946 1 13 "section" 9220596 "07-03-2015_06.00.18"
436 1163 1 15 "section" 9220597 "07-03-2015_06.00.22"
266 617 1 20 "section" 9220595 "07-03-2015_12.00.01"
465 1229 1 22 "section" 9220596 "07-03-2015_12.00.17"
508 1300 1 11 "section" 9220597 "07-03-2015_12.00.31"
31 82 1 9 "section" 9220595 "07-03-2015_18.00.01"
455 1203 1 22 "section" 9220596 "07-03-2015_18.00.02"
526 1317 1 10 "section" 9220597 "07-03-2015_18.00.05"
